0.000000000000000000e+00 0.000000000000000000e+00 0.000000000000000000e+00 0.000000000000000000e+00 0.000000000000000000e+00 0.000000000000000000e+00 0.000000000000000000e+00 0.000000000000000000e+00 0.000000000000000000e+00 0.000000000000000000e+00 0.000000000000000000e+00 0.000000000000000000e+00 0.000000000000000000e+00 0.000000000000000000e+00 0.000000000000000000e+00 0.000000000000000000e+00 0.000000000000000000e+00 0.000000000000000000e+00 0.000000000000000000e+00 0.000000000000000000e+00 0.000000000000000000e+00
0.000000000000000000e+00 0.000000000000000000e+00 0.000000000000000000e+00 0.000000000000000000e+00 0.000000000000000000e+00 0.000000000000000000e+00 0.000000000000000000e+00 0.000000000000000000e+00 6.009999999999999787e+00 9.009999999999999787e+00 9.009999999999999787e+00 9.009999999999999787e+00 1.200999999999999979e+01 1.200999999999999979e+01 1.500999999999999979e+01 1.500999999999999979e+01 1.500999999999999979e+01 1.801000000000000156e+01 1.801000000000000156e+01 2.101000000000000156e+01 2.101000000000000156e+01
0.000000000000000000e+00 0.000000000000000000e+00 0.000000000000000000e+00 0.000000000000000000e+00 0.000000000000000000e+00 0.000000000000000000e+00 0.000000000000000000e+00 6.009999999999999787e+00 9.009999999999999787e+00 9.009999999999999787e+00 9.009999999999999787e+00 1.200999999999999979e+01 1.200999999999999979e+01 1.500999999999999979e+01 1.500999999999999979e+01 1.500999999999999979e+01 1.801000000000000156e+01 1.801000000000000156e+01 2.101000000000000156e+01 2.101000000000000156e+01 2.101000000000000156e+01
0.000000000000000000e+00 0.000000000000000000e+00 0.000000000000000000e+00 0.000000000000000000e+00 0.000000000000000000e+00 0.000000000000000000e+00 6.009999999999999787e+00 6.009999999999999787e+00 9.009999999999999787e+00 9.009999999999999787e+00 1.200999999999999979e+01 1.200999999999999979e+01 1.200999999999999979e+01 1.500999999999999979e+01 1.500999999999999979e+01 1.801000000000000156e+01 1.801000000000000156e+01 1.801000000000000156e+01 2.101000000000000156e+01 2.101000000000000156e+01 2.401000000000000156e+01
0.000000000000000000e+00 0.000000000000000000e+00 0.000000000000000000e+00 0.000000000000000000e+00 0.000000000000000000e+00 0.000000000000000000e+00 6.009999999999999787e+00 6.009999999999999787e+00 9.009999999999999787e+00 9.009999999999999787e+00 1.200999999999999979e+01 1.200999999999999979e+01 1.200999999999999979e+01 1.500999999999999979e+01 1.500999999999999979e+01 1.801000000000000156e+01 1.801000000000000156e+01 1.801000000000000156e+01 2.101000000000000156e+01 2.101000000000000156e+01 2.401000000000000156e+01
0.000000000000000000e+00 0.000000000000000000e+00 0.000000000000000000e+00 0.000000000000000000e+00 0.000000000000000000e+00 6.009999999999999787e+00 6.009999999999999787e+00 6.009999999999999787e+00 9.009999999999999787e+00 9.009999999999999787e+00 9.009999999999999787e+00 1.200999999999999979e+01 1.200999999999999979e+01 1.500999999999999979e+01 1.500999999999999979e+01 1.500999999999999979e+01 1.801000000000000156e+01 1.801000000000000156e+01 2.101000000000000156e+01 2.101000000000000156e+01 2.101000000000000156e+01
0.000000000000000000e+00 0.000000000000000000e+00 0.000000000000000000e+00 0.000000000000000000e+00 0.000000000000000000e+00 6.009999999999999787e+00 6.009999999999999787e+00 6.009999999999999787e+00 9.009999999999999787e+00 9.009999999999999787e+00 9.009999999999999787e+00 1.200999999999999979e+01 1.200999999999999979e+01 1.500999999999999979e+01 1.500999999999999979e+01 1.500999999999999979e+01 1.801000000000000156e+01 1.801000000000000156e+01 2.101000000000000156e+01 2.101000000000000156e+01 2.101000000000000156e+01
0.000000000000000000e+00 0.000000000000000000e+00 0.000000000000000000e+00 0.000000000000000000e+00 0.000000000000000000e+00 6.009999999999999787e+00 6.009999999999999787e+00 6.009999999999999787e+00 9.009999999999999787e+00 9.009999999999999787e+00 1.200999999999999979e+01 1.200999999999999979e+01 1.200999999999999979e+01 1.500999999999999979e+01 1.500999999999999979e+01 1.500999999999999979e+01 1.801000000000000156e+01 1.801000000000000156e+01 2.101000000000000156e+01 2.101000000000000156e+01 2.101000000000000156e+01
0.000000000000000000e+00 0.000000000000000000e+00 0.000000000000000000e+00 0.000000000000000000e+00 0.000000000000000000e+00 6.009999999999999787e+00 6.009999999999999787e+00 6.009999999999999787e+00 9.009999999999999787e+00 9.009999999999999787e+00 1.200999999999999979e+01 1.200999999999999979e+01 1.200999999999999979e+01 1.500999999999999979e+01 1.500999999999999979e+01 1.801000000000000156e+01 1.801000000000000156e+01 1.801000000000000156e+01 2.101000000000000156e+01 2.101000000000000156e+01 2.101000000000000156e+01
0.000000000000000000e+00 0.000000000000000000e+00 0.000000000000000000e+00 0.000000000000000000e+00 3.009999999999999787e+00 6.009999999999999787e+00 6.009999999999999787e+00 6.009999999999999787e+00 9.009999999999999787e+00 9.009999999999999787e+00 9.009999999999999787e+00 1.200999999999999979e+01 1.200999999999999979e+01 1.500999999999999979e+01 1.500999999999999979e+01 1.500999999999999979e+01 1.801000000000000156e+01 1.801000000000000156e+01 2.101000000000000156e+01 2.101000000000000156e+01 2.101000000000000156e+01
0.000000000000000000e+00 0.000000000000000000e+00 0.000000000000000000e+00 0.000000000000000000e+00 3.009999999999999787e+00 6.009999999999999787e+00 6.009999999999999787e+00 6.009999999999999787e+00 9.009999999999999787e+00 9.009999999999999787e+00 9.009999999999999787e+00 1.200999999999999979e+01 1.200999999999999979e+01 1.500999999999999979e+01 1.500999999999999979e+01 1.500999999999999979e+01 1.801000000000000156e+01 1.801000000000000156e+01 2.101000000000000156e+01 2.101000000000000156e+01 2.101000000000000156e+01
0.000000000000000000e+00 0.000000000000000000e+00 0.000000000000000000e+00 0.000000000000000000e+00 3.009999999999999787e+00 6.009999999999999787e+00 6.009999999999999787e+00 6.009999999999999787e+00 9.009999999999999787e+00 9.009999999999999787e+00 1.200999999999999979e+01 1.200999999999999979e+01 1.200999999999999979e+01 1.500999999999999979e+01 1.500999999999999979e+01 1.500999999999999979e+01 1.801000000000000156e+01 1.801000000000000156e+01 2.101000000000000156e+01 2.101000000000000156e+01 2.101000000000000156e+01
0.000000000000000000e+00 0.000000000000000000e+00 0.000000000000000000e+00 0.000000000000000000e+00 3.009999999999999787e+00 6.009999999999999787e+00 6.009999999999999787e+00 6.009999999999999787e+00 9.009999999999999787e+00 9.009999999999999787e+00 1.200999999999999979e+01 1.200999999999999979e+01 1.200999999999999979e+01 1.500999999999999979e+01 1.500999999999999979e+01 1.500999999999999979e+01 1.801000000000000156e+01 1.801000000000000156e+01 2.101000000000000156e+01 2.101000000000000156e+01 2.101000000000000156e+01
0.000000000000000000e+00 0.000000000000000000e+00 0.000000000000000000e+00 0.000000000000000000e+00 3.009999999999999787e+00 6.009999999999999787e+00 0.000000000000000000e+00 0.000000000000000000e+00 0.000000000000000000e+00 0.000000000000000000e+00 0.000000000000000000e+00 0.000000000000000000e+00 0.000000000000000000e+00 0.000000000000000000e+00 0.000000000000000000e+00 0.000000000000000000e+00 1.801000000000000156e+01 1.801000000000000156e+01 2.101000000000000156e+01 2.101000000000000156e+01 2.101000000000000156e+01
0.000000000000000000e+00 0.000000000000000000e+00 0.000000000000000000e+00 0.000000000000000000e+00 3.009999999999999787e+00 0.000000000000000000e+00 0.000000000000000000e+00 0.000000000000000000e+00 0.000000000000000000e+00 0.000000000000000000e+00 0.000000000000000000e+00 0.000000000000000000e+00 0.000000000000000000e+00 0.000000000000000000e+00 0.000000000000000000e+00 0.000000000000000000e+00 0.000000000000000000e+00 0.000000000000000000e+00 0.000000000000000000e+00 0.000000000000000000e+00 0.000000000000000000e+00
0.000000000000000000e+00 0.000000000000000000e+00 0.000000000000000000e+00 0.000000000000000000e+00 3.009999999999999787e+00 0.000000000000000000e+00 0.000000000000000000e+00 0.000000000000000000e+00 0.000000000000000000e+00 0.000000000000000000e+00 0.000000000000000000e+00 0.000000000000000000e+00 0.000000000000000000e+00 0.000000000000000000e+00 0.000000000000000000e+00 0.000000000000000000e+00 0.000000000000000000e+00 0.000000000000000000e+00 0.000000000000000000e+00 0.000000000000000000e+00 0.000000000000000000e+00
0.000000000000000000e+00 0.000000000000000000e+00 0.000000000000000000e+00 0.000000000000000000e+00 0.000000000000000000e+00 0.000000000000000000e+00 0.000000000000000000e+00 0.000000000000000000e+00 0.000000000000000000e+00 0.000000000000000000e+00 0.000000000000000000e+00 0.000000000000000000e+00 0.000000000000000000e+00 0.000000000000000000e+00 0.000000000000000000e+00 0.000000000000000000e+00 0.000000000000000000e+00 0.000000000000000000e+00 0.000000000000000000e+00 0.000000000000000000e+00 0.000000000000000000e+00
0.000000000000000000e+00 0.000000000000000000e+00 0.000000000000000000e+00 0.000000000000000000e+00 0.000000000000000000e+00 0.000000000000000000e+00 0.000000000000000000e+00 0.000000000000000000e+00 0.000000000000000000e+00 0.000000000000000000e+00 0.000000000000000000e+00 0.000000000000000000e+00 0.000000000000000000e+00 0.000000000000000000e+00 0.000000000000000000e+00 0.000000000000000000e+00 0.000000000000000000e+00 0.000000000000000000e+00 0.000000000000000000e+00 0.000000000000000000e+00 0.000000000000000000e+00
0.000000000000000000e+00 0.000000000000000000e+00 0.000000000000000000e+00 0.000000000000000000e+00 0.000000000000000000e+00 0.000000000000000000e+00 0.000000000000000000e+00 0.000000000000000000e+00 0.000000000000000000e+00 0.000000000000000000e+00 0.000000000000000000e+00 0.000000000000000000e+00 0.000000000000000000e+00 0.000000000000000000e+00 0.000000000000000000e+00 0.000000000000000000e+00 0.000000000000000000e+00 0.000000000000000000e+00 0.000000000000000000e+00 0.000000000000000000e+00 0.000000000000000000e+00
0.000000000000000000e+00 0.000000000000000000e+00 0.000000000000000000e+00 0.000000000000000000e+00 0.000000000000000000e+00 0.000000000000000000e+00 0.000000000000000000e+00 0.000000000000000000e+00 0.000000000000000000e+00 0.000000000000000000e+00 0.000000000000000000e+00 0.000000000000000000e+00 0.000000000000000000e+00 0.000000000000000000e+00 0.000000000000000000e+00 0.000000000000000000e+00 0.000000000000000000e+00 0.000000000000000000e+00 0.000000000000000000e+00 0.000000000000000000e+00 0.000000000000000000e+00
0.000000000000000000e+00 0.000000000000000000e+00 0.000000000000000000e+00 0.000000000000000000e+00 0.000000000000000000e+00 0.000000000000000000e+00 0.000000000000000000e+00 0.000000000000000000e+00 0.000000000000000000e+00 0.000000000000000000e+00 0.000000000000000000e+00 0.000000000000000000e+00 0.000000000000000000e+00 0.000000000000000000e+00 0.000000000000000000e+00 0.000000000000000000e+00 0.000000000000000000e+00 0.000000000000000000e+00 0.000000000000000000e+00 0.000000000000000000e+00 0.000000000000000000e+00
