7.233044388395591662e-02 7.233044568161187127e-02 7.233044541640372416e-02 7.233044532756831291e-02 7.233044555271711529e-02 7.233044460429799427e-02 7.233044578152089676e-02 7.233044483465818353e-02 7.233044576246946966e-02 7.233044451528471142e-02 7.233044542892952400e-02 7.233044563707821673e-02 7.233044451913962780e-02 7.233044521772652447e-02 7.233044565500089396e-02 7.233044546787541218e-02 7.233044528626451919e-02 7.233044498082645546e-02 7.233044570528995854e-02 7.233044561869218791e-02 7.233044381292356995e-02
7.233044287410030082e-02 7.170804373391792552e-02 7.109626353349714212e-02 7.049483122691399539e-02 6.990349290764910628e-02 6.932198808508721610e-02 6.875008668214024898e-02 6.818753832202817389e-02 6.772770834561878117e-02 6.740726718793875472e-02 6.710399101035589842e-02 6.680462384957366884e-02 6.651368724432812907e-02 6.622731192367049824e-02 6.594414845526364033e-02 6.566706072598843535e-02 6.539227343735029563e-02 6.512143831580648190e-02 6.485398911642170638e-02 6.458881461315811590e-02 6.432767091287427963e-02
7.233043493294954995e-02 7.109626381241850035e-02 6.990348571626076035e-02 6.875007723859015429e-02 6.763411852469213004e-02 6.655379932228598638e-02 6.550745466738903955e-02 6.483353406786393491e-02 6.423082922552753038e-02 6.367607084946547147e-02 6.313695627215075434e-02 6.261883749794845688e-02 6.211296816186153563e-02 6.161716048731216006e-02 6.113501501377094360e-02 6.066039440502386804e-02 6.019641348150016336e-02 5.974093274208287785e-02 5.929283357639199975e-02 5.885414861175496809e-02 5.842192432034725574e-02
7.233042291370327115e-02 7.049482976131681011e-02 6.875007942504748892e-02 6.708961363636427311e-02 6.550745958047886341e-02 6.399819725976770013e-02 6.280399062462035942e-02 6.189495844206300418e-02 6.108613396993669425e-02 6.033624421194392490e-02 5.961458688505653220e-02 5.892825384836491293e-02 5.825847618293370639e-02 5.760984411114562082e-02 5.697962474126457011e-02 5.636347421672170677e-02 5.576630036269047963e-02 5.518169335055059938e-02 5.461144868534265756e-02 5.405477835472902864e-02 5.350945060039843243e-02
7.233043533947876302e-02 6.990347976487121251e-02 6.763410936665394113e-02 6.550745914830904959e-02 6.351045834062495066e-02 6.163162522341715521e-02 6.032490602224237219e-02 5.921121211277084739e-02 5.823497760250018890e-02 5.732931201626412232e-02 5.646699432510589312e-02 5.564848393502064977e-02 5.485442508826653130e-02 5.409194268827870189e-02 5.335319063350107277e-02 5.263614491621919356e-02 5.194355747282887459e-02 5.126897034943084241e-02 5.061517922956589033e-02 4.997916604544275221e-02 4.935966984163162041e-02
7.233043787777766742e-02 6.932198545849609095e-02 6.655380203139071860e-02 6.399821299755331649e-02 6.163162737471265112e-02 5.953980297341226330e-02 5.803409688877806533e-02 5.678766221505608669e-02 5.567809859535476080e-02 5.465613986488258857e-02 5.367614292894148931e-02 5.275175739762649751e-02 5.186261302313518312e-02 5.100686268427408188e-02 5.018779503813476650e-02 4.939469959758015227e-02 4.863190931003889828e-02 4.789442931464159281e-02 4.717987332067531681e-02 4.649058988454356917e-02 4.582114438397880823e-02
7.233043313784627559e-02 6.875008655228474763e-02 6.550746105154080234e-02 6.255693729937898684e-02 5.986074728011157170e-02 5.759476634443298076e-02 5.596484262517929797e-02 5.460847062472572178e-02 5.338838895529735701e-02 5.226392860175862326e-02 5.119146041150822446e-02 5.018855871000513919e-02 4.922505558139890491e-02 4.830412826780756952e-02 4.742456875820420803e-02 4.657654622736782241e-02 4.576560491338296788e-02 4.498341339996214661e-02 4.422930556415576725e-02 4.350368426988979881e-02 4.280149143155747432e-02
7.233042726523360166e-02 6.818753124226661910e-02 6.449350070950399250e-02 6.117915964415438640e-02 5.818880457521291572e-02 5.577282752413373346e-02 5.406252603259949219e-02 5.259034724779541176e-02 5.127954930064130418e-02 5.007235158209777381e-02 4.892913230599602037e-02 4.786289476921472968e-02 4.684282498174347636e-02 4.587335619033277440e-02 4.494974772738801611e-02 4.406259264939552112e-02 4.321837699854739340e-02 4.240598804025336177e-02 4.162604926824004653e-02 4.087739351944485316e-02 4.015525560777518516e-02
7.233042992874930133e-02 6.763412236058768956e-02 6.351045182153652879e-02 5.986074130889565414e-02 5.660771227398041228e-02 5.409254252998930285e-02 5.228525380272931039e-02 5.071607898431792355e-02 4.933097827463180790e-02 4.805714856894644643e-02 4.685850942594155244e-02 4.574324074335645030e-02 4.468048298544609331e-02 4.367557999687023129e-02 4.272041216850409884e-02 4.180678045833160356e-02 4.093969738437045619e-02 4.010787243034949490e-02 3.931217854564351966e-02 3.855018578323590739e-02 3.781712799464709979e-02
7.233043085537220473e-02 6.708961657126850942e-02 6.255694162808522751e-02 5.859797890885207194e-02 5.511142511059900773e-02 5.253284027297332182e-02 5.062902528415311881e-02 4.901080105131921938e-02 4.755579006126939290e-02 4.623126624186607581e-02 4.498242521924897264e-02 4.382537420055470506e-02 4.273013929120994536e-02 4.169284515349241244e-02 4.071529506096060319e-02 3.978254815568033065e-02 3.889786952452872065e-02 3.805426836961649240e-02 3.724714386478276268e-02 3.647859693990435775e-02 3.574111307672672017e-02
7.233042619895681258e-02 6.655379795675998855e-02 6.163163003983170712e-02 5.738737701724860168e-02 5.372908919507207726e-02 5.106057385041753993e-02 4.910500701275420654e-02 4.741779327863590576e-02 4.591258930913082181e-02 4.454362176731282985e-02 4.325796301110515496e-02 4.207324104011348626e-02 4.095349903086997756e-02 3.989770125737601703e-02 3.890450985387440552e-02 3.795961175224866341e-02 3.706656042463821188e-02 3.621649078517794745e-02 3.540568954182980732e-02 3.463497281532194882e-02 3.389706581456692486e-02
7.233042818420945541e-02 6.602649285684228375e-02 6.073328171356616456e-02 5.622578340983298145e-02 5.241436961986853382e-02 4.966857991105291109e-02 4.767008758253924589e-02 4.592510553370295068e-02 4.437915869961958637e-02 4.297484419044655252e-02 4.166103985998126369e-02 4.045578846916582372e-02 3.931872653196574058e-02 3.825073834196376227e-02 3.724794090944982816e-02 3.629640294868473338e-02 3.539994116740906999e-02 3.454803287368236886e-02 3.373772154601931833e-02 3.296870441419458980e-02 3.223403461884355448e-02
7.233041988357552521e-02 6.550746041066767000e-02 5.986076225572883880e-02 5.511028171753776933e-02 5.116248465873313167e-02 4.837743302676210388e-02 4.631664008464585897e-02 4.452920807637322093e-02 4.294483562523452452e-02 4.151279448194437199e-02 4.017921883334830968e-02 3.895810554334461218e-02 3.780945761565203400e-02 3.673435135552752945e-02 3.572666706814046217e-02 3.477281548371192327e-02 3.387668374766533014e-02 3.302656061029937695e-02 3.221982769667138674e-02 3.145543069910108902e-02 3.072651435726386424e-02
7.233042880796623775e-02 6.499653050290048195e-02 5.901293443912831310e-02 5.403817623987008240e-02 4.998960073331576437e-02 4.715388481283361993e-02 4.511873587054065354e-02 4.334964598267431607e-02 4.174194256038496476e-02 4.026783393640081393e-02 3.890784354344464790e-02 3.764707437457952277e-02 3.647363944325796720e-02 3.537770325061989629e-02 3.435108104040030669e-02 3.338680339080589421e-02 3.247916855413408160e-02 3.163338358408192968e-02 3.083264565733347465e-02 3.007500930415807350e-02 2.935368392346725253e-02
7.233042915018148000e-02 6.449351018578215744e-02 5.818880739953559422e-02 5.300700079250505320e-02 4.887308988006217741e-02 4.616173632819099010e-02 4.414260393930713455e-02 4.233859941530395549e-02 4.070290189053587387e-02 3.920665280187021068e-02 3.782943903611624831e-02 3.655555590030706847e-02 3.537243535223104363e-02 3.426971727494465547e-02 3.323874827896445422e-02 3.227218569326666814e-02 3.136372787573853127e-02 3.050795773779348477e-02 2.970012133332971399e-02 2.893611203493147779e-02 2.821223638419038601e-02
7.233043692760283971e-02 6.399822270772055621e-02 5.738738244167870817e-02 5.201442699952428528e-02 4.780534289850443125e-02 4.527277837252327575e-02 4.321527320607235212e-02 4.138059142471901819e-02 3.972084182526562646e-02 3.820608748799041166e-02 3.681497486405366920e-02 3.553099045285118551e-02 3.434092536880907487e-02 3.323389224747212711e-02 3.220079704420931305e-02 3.123394655416877538e-02 3.032674152645875240e-02 2.947350640182282155e-02 2.866931361648899362e-02 2.790982961221155981e-02 2.719125445634953259e-02
7.233043542288751515e-02 6.351045887136556878e-02 5.660771322914836395e-02 5.105835827368980506e-02 4.683987262677443558e-02 4.442431145729823505e-02 4.233241493514443982e-02 4.047083943072136980e-02 3.879053603248223958e-02 3.726046999793647396e-02 3.585831747199244579e-02 3.456682300688991571e-02 3.337213314224610899e-02 3.226286891670113871e-02 3.122950173979357341e-02 3.026402648760899775e-02 2.935955073903121632e-02 2.851015847626553121e-02 2.771072470204952870e-02 2.695676934079346831e-02 2.624436572454004468e-02
7.233044065554886104e-02 6.303010477962209257e-02 5.584897476619310464e-02 5.013679472813601518e-02 4.606771615784722301e-02 4.361297329250451299e-02 4.149030041640564687e-02 3.960522063022908767e-02 3.790745433657891073e-02 3.636485660874959336e-02 3.495417838444299374e-02 3.365741388861791250e-02 3.246009331269245068e-02 3.135034497546846516e-02 3.031828693503594088e-02 2.935553810618637613e-02 2.845497082682969456e-02 2.761046861435724475e-02 2.681670636760526139e-02 2.606907431634448991e-02 2.536349858944815863e-02
7.233043861364613081e-02 6.255695203488720324e-02 5.511028049360065101e-02 4.924790588742111730e-02 4.532637700460370733e-02 4.283583112563896927e-02 4.068568548165249488e-02 3.878014534165417221e-02 3.706767739785864213e-02 3.551500775934170184e-02 3.409798507626461694e-02 3.279785736721690242e-02 3.159960320011869633e-02 3.049087443508191608e-02 2.946140406889245431e-02 2.850251315784450845e-02 2.760683899185935666e-02 2.676807391075797932e-02 2.598070826082607421e-02 2.523998976354198398e-02 2.454175678060786098e-02
7.233044356501000527e-02 6.209084485255956382e-02 5.439089216626886297e-02 4.838998701763227300e-02 4.461351724082294329e-02 4.209032788174088546e-02 3.991571093670152892e-02 3.799245122255002355e-02 3.626771855372366155e-02 3.470715074997370031e-02 3.328568334750563878e-02 3.198388063676387005e-02 3.078613652524784389e-02 2.967968602523743393e-02 2.865388860084900138e-02 2.769980308846683309e-02 2.680983454840808397e-02 2.597745709494104008e-02 2.519704583185761876e-02 2.446371602994375574e-02 2.377320316155428007e-02
7.233043948991894900e-02 6.163164179744246712e-02 5.369003092455115062e-02 4.756145182139731586e-02 4.392711525939444611e-02 4.137421452054882570e-02 3.917785015084315758e-02 3.723934241848960575e-02 3.550453745284389701e-02 3.393798234382344042e-02 3.251374125225473671e-02 3.121170013061311255e-02 3.001572282085665858e-02 2.891261334538564390e-02 2.789141361309812467e-02 2.694289951112214046e-02 2.605925818504097394e-02 2.523381777203735285e-02 2.446079635101802707e-02 2.373521111428813016e-02 2.305268630341853614e-02
