1.390318164005665425e-05
2.802393436890023725e-05
4.240247312144342892e-05
5.704532204195622629e-05
7.194213448622044219e-05
8.707249672433848263e-05
1.024043369387468998e-04
1.179262288315716204e-04
1.336052220827098531e-04
1.494140403934851634e-04
1.653260705468362585e-04
1.813166823246585492e-04
1.973615307775599618e-04
2.134375790511220436e-04
2.295051071719004154e-04
2.455593824921038109e-04
2.615812989970241220e-04
2.775517888680589969e-04
2.934530454427348046e-04
3.092695305300763959e-04
3.249853343287009743e-04
3.405868293645134080e-04
3.560614229525889862e-04
3.713965902234377982e-04
3.866077436949757399e-04
4.016331828414495360e-04
4.164900803718753252e-04
4.311705150083160838e-04
4.456675687599327739e-04
4.599749636542308862e-04
4.740871275313347658e-04
4.879995154568193458e-04
5.017081464916022839e-04
5.152098622446634520e-04
5.285018394133358379e-04
5.415819039749704715e-04
5.544486290963864493e-04
5.671313756571766049e-04
5.795682399736978461e-04
5.917896387972403733e-04
6.038266851527761096e-04
6.156489844823026438e-04
6.272261597783111752e-04
6.385906772070998284e-04
1.151138036357547516e-03
1.164758072224733034e-03
1.170288492243699591e-03
1.172754462957028426e-03
1.174211997411679382e-03
1.175362793237783726e-03
1.176419495806716158e-03
1.177438776784884514e-03
1.178447998816670216e-03
1.179430544267279874e-03
1.180384780022106618e-03
1.181309684648837802e-03
1.182189018073409028e-03
1.183055230174134224e-03
1.183893000772013844e-03
1.184703098841790930e-03
1.185486383869257697e-03
1.186228067386855319e-03
1.186944886248329171e-03
1.187637735923560874e-03
1.188307512123230533e-03
2.034228551455717800e-03
2.002250080031257786e-03
1.979159606711241876e-03
1.962960857384784836e-03
1.950853059818445125e-03
3.007745633089675772e-03
3.003416042118224778e-03
2.982663586412280261e-03
2.961085813885547084e-03
2.943402654971462827e-03
2.929129631148575177e-03
2.916858512231320331e-03
2.905630741956866797e-03
2.894868875776630997e-03
2.884261477861871977e-03
2.873651038896335875e-03
2.862960348459074426e-03
2.852153722233188252e-03
2.841217214275704867e-03
2.830147382150237107e-03
2.818946916208970796e-03
2.807619366944630410e-03
2.796171494470179285e-03
2.784607817297305929e-03
2.772935658803754849e-03
2.761161371333725745e-03
2.749290838188520048e-03
2.737329780849936944e-03
2.725284101015874177e-03
2.713159347186467653e-03
2.700960774965545375e-03
2.688693496372913938e-03
2.676362557946490063e-03
2.663972742413095972e-03
2.651528700131393617e-03
4.286459793152723463e-03
4.264212321329591271e-03
4.245448104446737474e-03
4.174586397172306423e-03
4.274332411093639643e-03
4.279748527507752642e-03
4.265053830041699856e-03
4.275095516831844272e-03
4.284731084804060432e-03
4.293086302584708802e-03
4.297197942546844389e-03
4.289774354585529879e-03
4.261478126348812456e-03
4.216309874307483732e-03
4.173417909583809760e-03
4.142917804241263297e-03
4.122472926224464602e-03
4.107716275506287026e-03
4.095890579650629179e-03
4.085605287562043587e-03
4.076193387262360725e-03
4.067334066742711758e-03
4.731079268935033978e-03
4.678656923315838503e-03
5.187634588005209622e-03
4.936360755034493140e-03
5.940769716228695534e-03
5.676594451314950773e-03
5.375135409376571340e-03
5.173489896503021858e-03
5.069109241250839212e-03
5.012276809652913695e-03
4.973872672615246328e-03
4.942179691908166715e-03
4.912922100963269985e-03
4.884551997337680321e-03
6.021148956966213342e-03
5.841583732933805680e-03
5.762095630840044329e-03
5.725044916906696715e-03
5.706170365153382350e-03
5.695498784701414317e-03
5.688853162237209569e-03
5.684427744595694706e-03
5.681414841297765909e-03
5.679447630848499969e-03
5.678414947859170177e-03
5.678126191873414212e-03
5.678604902947982300e-03
5.679841106645888010e-03
5.681835312102485012e-03
5.684592000231608599e-03
5.688118389800464296e-03
5.692425838089034025e-03
6.310846871195321776e-03
6.240375301266951752e-03
6.211927216651280149e-03
6.205424043087680308e-03
6.210496816185386883e-03
6.221917168161887612e-03
6.791298930110545307e-03
6.697286832894746439e-03
6.665939282227075109e-03
6.664299547393019198e-03
6.677232999119868395e-03
6.697820116738080302e-03
6.722947275122734441e-03
6.750923860269522972e-03
6.781134042247747261e-03
7.224814709353822618e-03
7.077305448142291386e-03
7.016236324905039852e-03
7.000603951848921938e-03
7.009036107083170195e-03
7.787001348727101008e-03
7.555715787198652791e-03
7.475285413630777982e-03
7.462252396575965591e-03
7.480165434925605504e-03
7.513486097555859868e-03
7.555220497708278748e-03
7.602269543300317969e-03
7.653110815324601530e-03
7.707315056373262134e-03
7.764499351837090939e-03
7.824544213988423452e-03
7.887415764638876572e-03
7.953115786358509742e-03
8.021659193675435492e-03
8.093066769301927171e-03
7.905929325013159523e-03
7.820967513780601246e-03
7.808617589333766151e-03
7.833155865540510424e-03
7.877135354902090741e-03
7.932110983569462884e-03
7.993991219841033169e-03
8.060791974972000146e-03
8.131558655614719300e-03
8.205757036898823562e-03
8.283357527562913367e-03
8.364198164270333219e-03
8.448254838414536241e-03
8.535526767050835920e-03
8.626018901604120409e-03
8.719735556062662221e-03
8.816674683335929547e-03
8.916826373271867501e-03
9.020171851829112894e-03
9.126682370529996119e-03
9.236322508600857545e-03
9.349044516127606730e-03
9.464793696689802194e-03
8.215626464363337891e-03
8.049530179583614525e-03
8.001443750349968367e-03
8.013296988460505768e-03
8.056088990125066449e-03
8.115607702459710568e-03
8.184868852848380116e-03
8.260433061978081706e-03
8.296643097355980295e-03
8.141097436254756195e-03
8.097779855614091124e-03
8.111575947851810270e-03
9.171018048934770697e-03
8.576066970279676294e-03
8.341549009842722309e-03
8.270513276367580033e-03
8.273627193732889518e-03
8.312649305404420583e-03
8.370238526026529957e-03
8.438673182551696683e-03
8.514396853502984031e-03
8.595765381633211147e-03
8.682015412134869159e-03
8.772802741022617951e-03
8.868012681940356384e-03
8.967597066594773861e-03
9.071558848946963474e-03
8.858272425082126117e-03
8.718866424553606276e-03
8.691504995744126980e-03
8.721795802213421628e-03
8.783993786658650035e-03
8.863321881481853182e-03
8.954484560138052662e-03
8.928460088357887889e-03
8.644044713201542995e-03
8.535556854427014950e-03
8.516809736514309795e-03
8.544703479791538811e-03
8.597487619494496511e-03
8.665175683964784770e-03
8.743201317745030732e-03
8.828484517541056176e-03
8.919788189699726089e-03
9.016536758213273758e-03
9.118482147528538667e-03
9.225538126262349675e-03
9.337694952078519003e-03
9.454973501271566119e-03
9.577409523783423154e-03
9.705033984179734299e-03
9.837869441633532649e-03
9.975928799641119171e-03
1.011921265898445103e-02
1.026770836960778401e-02
1.042138982799524147e-02
1.058021752305561385e-02
8.912018489938871441e-03
8.741266160232083818e-03
8.700306987557967359e-03
8.725086435444704552e-03
8.784357237816493510e-03
8.862862728386398936e-03
8.953132320247629561e-03
9.051492660851831115e-03
9.156189175126082380e-03
8.814413256604258784e-03
8.713106985183301234e-03
8.706704323445925431e-03
8.748016574284865274e-03
9.436257799091041579e-03
8.929790821465275960e-03
8.737997287803035695e-03
8.688613780252471552e-03
9.805825748743147996e-03
2.236109152073437190e-02
3.887942297340093306e-02
3.542384150025214978e-02
2.788328755677813367e-02
1.844080827077183155e-02
1.213090716354825981e-02
9.383485498330321889e-03
8.368151918907473438e-03
7.991092195330075018e-03
7.834542794621830036e-03
7.755545901203471197e-03
7.705078957567139918e-03
7.666066586554331173e-03
7.632096715526663633e-03
7.600924752777448237e-03
7.571276050002899438e-03
7.542709135717355629e-03
7.514707787873940378e-03
7.487486584860837506e-03
7.461041694580367901e-03
7.435358956179209146e-03
7.410475654890070693e-03
8.956428100854195440e-03
8.920522258485261147e-03
9.728878568606505461e-03
1.492474111505214147e-02
1.123749972672858678e-02
9.401363004270992668e-03
8.636732453033788698e-03
8.322412701481615369e-03
8.178730057820448457e-03
8.098556349427939519e-03
8.042290892609743613e-03
7.995429545684986858e-03
7.952168695696317305e-03
9.700188544058787818e-03
9.420165423494294629e-03
9.312334947261378948e-03
9.282058777909883360e-03
9.289002927121576755e-03
9.315800393231101276e-03
9.354798406929097296e-03
9.405857524446016235e-03
9.464717380006143835e-03
9.527141817935886811e-03
9.596045232348013321e-03
9.560673030935934805e-03
9.417524257767758561e-03
9.361285518655485319e-03
9.352754503634878175e-03
9.371508213360685638e-03
9.407056996975936281e-03
9.454090482037732709e-03
9.510000684648606262e-03
9.573578669389700910e-03
9.644258271368482544e-03
9.721947618598883803e-03
9.806703195330243247e-03
9.898734816245050028e-03
9.251590044377032071e-03
9.253812577116724350e-03
9.278409404122845913e-03
9.315793288704746905e-03
9.361857275422656374e-03
9.414913426059124194e-03
9.474322652311489845e-03
9.539967189916821744e-03
9.396837424289166199e-03
9.319080485567839828e-03
9.297024897824789427e-03
9.305557277187712778e-03
9.332111421232634416e-03
9.370447353466461460e-03
9.417527982166065681e-03
9.471926091825288996e-03
9.533086130682709089e-03
9.384705456387970948e-03
9.320152147671720289e-03
9.301712914133924981e-03
9.992139355910504769e-03
9.505077090172920143e-03
9.281524068255076268e-03
9.176817750698774284e-03
9.128816817085048593e-03
9.109110749664211040e-03
9.104858419069364675e-03
9.110096855419054854e-03
9.122039000942652395e-03
9.139400706030283497e-03
9.161638224967433297e-03
9.188575727948379568e-03
9.220248545178239691e-03
9.256770701464817758e-03
9.298316775348709762e-03
9.345094589069147598e-03
9.397335561709786039e-03
9.455266547526165397e-03
9.519111628080884416e-03
9.391244080570319494e-03
9.202088416719324607e-03
9.111613631031183214e-03
9.072615725801315770e-03
9.064115486084042134e-03
9.073759817766235622e-03
9.095097783523260065e-03
9.124796232814593247e-03
9.161207203045486011e-03
9.203626418715121077e-03
9.251693916836748952e-03
9.305287501454722124e-03
9.364538286774739748e-03
9.429594987226317532e-03
9.500634495493943607e-03
9.577850962840122467e-03
9.661445275528339136e-03
9.751614795965228219e-03
9.848550250358424282e-03
9.952446079905710730e-03
1.006347835522978899e-02
1.018187735587356910e-02
1.030773845521250690e-02
9.059334365151971644e-03
8.856344676384691680e-03
8.764962602557288193e-03
8.732403682191662228e-03
8.731694361495638892e-03
8.749305148961558989e-03
8.778436961560973778e-03
8.818805883066145254e-03
8.862755530263036544e-03
8.915832079453636649e-03
8.971062911490681677e-03
9.031544319051050193e-03
9.097298009447205361e-03
9.168411785234854144e-03
8.885338413453010981e-03
8.794842304389580145e-03
8.765794258964924521e-03
8.770235239352750650e-03
8.793923989352525616e-03
8.832891531431684082e-03
8.877155745877080006e-03
9.127004721421971833e-03
8.906934535305719922e-03
8.803910787217717956e-03
8.763644706523446640e-03
8.757680763891899714e-03
8.771444571408446370e-03
8.797496101955050440e-03
8.831990979144556733e-03
8.873122344872128031e-03
8.920076463555682428e-03
8.972406341517216027e-03
9.030006862047237556e-03
9.026115083889252669e-03
8.893781611293989295e-03
8.840382110564311974e-03
8.829843851667381130e-03
8.843402719270414269e-03
8.871524708336863546e-03
9.221351855573361317e-03
9.035578170524477190e-03
8.956011972725433021e-03
8.930757036041070407e-03
8.934561358710988582e-03
8.955028017297410325e-03
8.986235903916070869e-03
9.025283668765820763e-03
9.070794534988031385e-03
9.122154523002939941e-03
9.179166362114464170e-03
9.241813847505773657e-03
9.310168740357364567e-03
9.384372045911585497e-03
9.464572735743848747e-03
9.550949004614331037e-03
9.643707289028101426e-03
9.742980590161176915e-03
9.848918081875136787e-03
9.961691966970989340e-03
1.008140488581905567e-02
1.020817938229216792e-02
1.034218935062451022e-02
1.048342619016443336e-02
1.063207687042355687e-02
1.078810539882495666e-02
1.095161171072062817e-02
1.112263300133356329e-02
1.130116291879974984e-02
1.148722635331816087e-02
1.168077831737805022e-02
1.188177143998883460e-02
1.210220906156849775e-02
1.233109026656142859e-02
1.256817919884480050e-02
8.728470174984541072e-03
8.431621497545853730e-03
8.296690124160474231e-03
8.245451424074748403e-03
8.236073984049505081e-03
8.250983736534153040e-03
8.283017218960417663e-03
8.324526511270481308e-03
8.369807436883605622e-03
8.420319972385967647e-03
8.671518506790163242e-03
8.396855733412953576e-03
8.267099466958026041e-03
8.214332981915236157e-03
8.204965998672004296e-03
8.218821712446904709e-03
8.246504789383749326e-03
8.280790845249252213e-03
8.323952035389926146e-03
8.369915579868238836e-03
8.420460061230585977e-03
8.475346431789097454e-03
8.534479936669440991e-03
8.601043315642379478e-03
8.672251997250713176e-03
8.748151030899386366e-03
8.828795036956018499e-03
8.910360451910093529e-03
8.996352843353185025e-03
9.091035923390441281e-03
9.186407980273390839e-03
9.286346759026762460e-03
9.390837566624416627e-03
9.504642065581171348e-03
9.623461281362837363e-03
9.742125589552111040e-03
8.359712505075063416e-03
8.119119363277268672e-03
8.015244851136429927e-03
7.983747486367270482e-03
7.989869172996235530e-03
8.016714453474540342e-03
8.054245458138176508e-03
8.099589695716270105e-03
8.561645274361652860e-03
8.259016636781984014e-03
8.118307971200697942e-03
8.063350625224390000e-03
8.055478198784217850e-03
8.072905510562286904e-03
8.105076864087892505e-03
8.145108793254494939e-03
8.191680950190413993e-03
8.243424036060157528e-03
8.299685761090436556e-03
8.360159581141684074e-03
8.424719693620167163e-03
8.495279379914535273e-03
8.568061567739617551e-03
8.644906889335073411e-03
8.725884375700399334e-03
8.810993953733511908e-03
8.900382328868817680e-03
8.993850092911068878e-03
9.091603989959810492e-03
9.193526007441374381e-03
9.299446191385654994e-03
9.409535522537669505e-03
9.523757698486559273e-03
9.642137644974190652e-03
9.764532481174663728e-03
9.890873864622801853e-03
1.002109006171417876e-02
1.015510490070972369e-02
1.029628728354604721e-02
1.044006128911074971e-02
1.058517151147715142e-02
1.073741838715558394e-02
1.088935268205000646e-02
8.305745047885150500e-03
8.106494453369066794e-03
9.078391321165047573e-03
7.588454586675522084e-03
6.949745977614498263e-03
6.671971848112253668e-03
6.540111269838273615e-03
6.467169655439355611e-03
6.419484465107286493e-03
6.382673371603771358e-03
6.351546232375205464e-03
6.322965620875381325e-03
6.296107051060119246e-03
6.270450235405837514e-03
6.245752385744871189e-03
6.221904947395840921e-03
6.198860430812852020e-03
6.176598334295125593e-03
6.155114820554521624e-03
6.134415197083962698e-03
6.114510220721978973e-03
6.095409963769860343e-03
6.077123123144723832e-03
6.059664549573359239e-03
6.043043640513860379e-03
6.027270697157600249e-03
7.844930823877960605e-03
7.705678219793673372e-03
7.652823259905466510e-03
7.648124823437110233e-03
7.667327624020702989e-03
7.700750551446205669e-03
7.971078419862529657e-03
7.737223895940368440e-03
7.639047484935546084e-03
7.606958850990773111e-03
7.607995469642439730e-03
7.626533147346239820e-03
7.656043241130846590e-03
7.692088609400917452e-03
7.732917896436684174e-03
7.777691289070591887e-03
7.826019267815608263e-03
7.877734771028589017e-03
7.932779590040786241e-03
7.991147004264504208e-03
8.052852708712417845e-03
8.117903570144073544e-03
8.186356563107689485e-03
8.256809054904789419e-03
8.330505467274077272e-03
8.407507133031436389e-03
7.964832115594707232e-03
7.824244399610297274e-03
7.775974016936441566e-03
7.775379722879704678e-03
7.799803399323889178e-03
7.839481654060989971e-03
7.886285996121501080e-03
7.938788618138724676e-03
7.919068907703101512e-03
7.709001845870065012e-03
7.616517070873431855e-03
7.584346898082331215e-03
7.583696455819306792e-03
7.600236600931883045e-03
8.329420432213619635e-03
7.910444006409575110e-03
7.706691955267067594e-03
7.611825964999517809e-03
7.572441196797004108e-03
7.562180188720176582e-03
7.567941076126722885e-03
8.461652345019450572e-03
8.235239780200536222e-03
8.142323065611445018e-03
8.115359974072072075e-03
8.122151170329557079e-03
8.148444782971298386e-03
8.185898009667276140e-03
8.230929678647299491e-03
8.280554386739753803e-03
8.335052796738439893e-03
8.394128598041868464e-03
8.457630506507596985e-03
8.525616761976767891e-03
8.598081863555944240e-03
8.675095690289100908e-03
8.756668593803204961e-03
8.844763358101085521e-03
8.937816895438927337e-03
9.035887636215322871e-03
8.144564907293811232e-03
7.979844597686391525e-03
7.913520245714530596e-03
7.897589456831617671e-03
7.908351314820349573e-03
7.934105738966596572e-03
8.493298335706481531e-03
8.094405169637768072e-03
7.897012924950324794e-03
7.803170736785640209e-03
7.762911650363228493e-03
7.751179377114127654e-03
7.756104611360279018e-03
7.770701194532035963e-03
7.790990405689854348e-03
7.816055573125887598e-03
8.533622875005773822e-03
8.341319916587160155e-03
8.257696739754020326e-03
8.232616729112827297e-03
9.064662982828812499e-03
8.693885362403366152e-03
8.555034168722422741e-03
8.516053942104201066e-03
8.521922803495944609e-03
8.549812642014412503e-03
8.590101084870694834e-03
8.638558154850067838e-03
8.693557246969480651e-03
8.754089123536819284e-03
8.820020529119260155e-03
8.891321342656285931e-03
8.968014850869239496e-03
8.552657907605372770e-03
8.414741620096666611e-03
8.358723553635726000e-03
8.345969273325603427e-03
8.356849043284802353e-03
8.381730493401819831e-03
8.415776992158924275e-03
8.456576307910692106e-03
8.504072673931058202e-03
8.555687100899898867e-03
8.612221253696730056e-03
8.674837399069133120e-03
8.742550290044897796e-03
8.814197791984603944e-03
8.891025871613921980e-03
8.974547045771138001e-03
8.723659738873465810e-03
8.470755854354906217e-03
8.353517769244733424e-03
8.309451291948540680e-03
9.087881586609336537e-03
8.422432518323006573e-03
8.098848321581302023e-03
1.019238514430636545e-02
8.782924717800323633e-03
8.208409183230682207e-03
1.230858924984851686e-02
9.545830557152025844e-03
8.532713303635008559e-03
1.609162650364305558e-02
1.106522748934773634e-02
9.188866829034835967e-03
8.556120945119745011e-03
8.327371036401597093e-03
8.224082084774557780e-03
8.160247138304635786e-03
8.109184149085743934e-03
1.008856160572229980e-02
9.164339559145657371e-03
8.805879641943592864e-03
8.653316697051195716e-03
8.576864506948096364e-03
1.036080011570088624e-02
9.319894242828476519e-03
8.912561392809137048e-03
1.233051233864347791e-02
1.007098564100942020e-02
9.267878298529541592e-03
8.972088464763381885e-03
8.843241381260000950e-03
8.769252948400120540e-03
8.713824698959454773e-03
8.664920454655564500e-03
8.618402392186115882e-03
8.572798682576564244e-03
8.527562548175436283e-03
8.482482291072224873e-03
8.437473325710442146e-03
8.392504859324802571e-03
8.347570975461652762e-03
8.302671576491178762e-03
8.257812103888172162e-03
9.546247820742452192e-03
9.562194935737903384e-03
9.589103268960575896e-03
9.624541113981163395e-03
9.667237623711591454e-03
9.716669406155719127e-03
9.772732092421378830e-03
9.835595266332916586e-03
9.905408378992600418e-03
9.982522291934499761e-03
1.006731089738917978e-02
1.016008087328130159e-02
1.026120908528792459e-02
1.037106581799438973e-02
9.809100594146868274e-03
9.527834477012485717e-03
9.386425056224251273e-03
1.008939591126605320e-02
9.386518098701120139e-03
9.044346189051704829e-03
8.865635171352559060e-03
1.027268377472114434e-02
9.461855323893075473e-03
1.403668758508042763e-02
3.514659606033727207e-02
2.537219087607899340e-02
1.653161766010257869e-02
1.202638584266430867e-02
1.032954287568031357e-02
9.732027432508947792e-03
9.502757610851619852e-03
9.393644806291533145e-03
9.325130306313407849e-03
9.270843227973134260e-03
9.221903596217106980e-03
9.175159843041213667e-03
1.041776402533381787e-02
1.026434853857972548e-02
1.020712574737125261e-02
1.019380566221562458e-02
1.020302641538324562e-02
1.022584628867938446e-02
1.025849471494847884e-02
1.045919613158060452e-02
1.034340340012571309e-02
1.029527666579721674e-02
1.028340476590894510e-02
1.029265522217953817e-02
1.031573840331601218e-02
1.034917295449650464e-02
1.039139846497391488e-02
1.044183569061051323e-02
1.050039998399169942e-02
1.056736346870810334e-02
1.064300457043431021e-02
1.072774499589599674e-02
1.082205372265477097e-02
1.092636371041596881e-02
1.104123191705154092e-02
1.117413848301270288e-02
1.131240955558691051e-02
1.146279288767271427e-02
1.163427498656130141e-02
1.181131176462037712e-02
1.200190760995386609e-02
9.959352570173465174e-03
9.901717735280942886e-03
9.891051882968756800e-03
9.905631487056247575e-03
9.935510573157715561e-03
9.976169706910774718e-03
1.002977223664910586e-02
1.009210057870200787e-02
1.015827923365059463e-02
9.923752206405407617e-03
9.827650184716391762e-03
9.786842927410785778e-03
9.778390561955254551e-03
9.789331197100183471e-03
9.813087884551180418e-03
1.009919139611875280e-02
9.837563118954749386e-03
9.699995001701934919e-03
9.628032356286616439e-03
9.591647085243695803e-03
9.575595665151060212e-03
9.572130421800608205e-03
9.579955854184325076e-03
9.594993438817237333e-03
9.616385132136653913e-03
9.643831584333937418e-03
9.673789955716794245e-03
9.709370678365188828e-03
9.750847192036978320e-03
9.798438487961778215e-03
9.852434570619754764e-03
9.913142316927320979e-03
9.980876636735306479e-03
1.005595613484122977e-02
1.013871066604563921e-02
1.022943429845354045e-02
1.032837476098921042e-02
1.043596882268525879e-02
1.055245767982185452e-02
1.067817668529526080e-02
1.082187655790847053e-02
1.096749244646575208e-02
9.557141855917968346e-03
9.360540292269839066e-03
9.267676244630625518e-03
9.231768146367730007e-03
9.228030454250354259e-03
9.243549977707474219e-03
9.271668332527084264e-03
9.309008310298173133e-03
9.353900811461165685e-03
9.405590760126168737e-03
9.463813648031050435e-03
9.528518451892146676e-03
9.599786536332654413e-03
9.677796711071939839e-03
9.762792008580047434e-03
9.285133990214236230e-03
9.194153915798744178e-03
9.164414153597255641e-03
9.167977962276092907e-03
9.820441149017622093e-03
9.341400641452482848e-03
9.114009380578009384e-03
1.039937801733245570e-02
9.345681065007145280e-03
1.501940264545307234e-02
1.123449945503732054e-02
9.742374007293053140e-03
9.188122698277862571e-03
8.964478001140386079e-03
8.853728838225343248e-03
8.781965218038376500e-03
8.724010023779588466e-03
8.671137578741805116e-03
8.620199640465859431e-03
8.570033438823246308e-03
9.916062199562813984e-03
9.820789450022510483e-03
9.793235191133970591e-03
9.797297071162397106e-03
9.818219610588771809e-03
9.849924055684989091e-03
9.889951483536399413e-03
9.937379915275230263e-03
9.991987556857675340e-03
1.005782539857288591e-02
1.013183822851456729e-02
1.021437896155068248e-02
1.030584573443016697e-02
1.040666109713019732e-02
1.051726489797102405e-02
1.063202150265212670e-02
1.075644222651297478e-02
1.089788888891129494e-02
9.823716111120837924e-03
9.572099910640048323e-03
1.030747731568396920e-02
9.525301328751697647e-03
9.155638071366633754e-03
8.967405585577899879e-03
8.857143996327119378e-03
8.781737495973820570e-03
8.722269349907085453e-03
8.670621987720027180e-03
8.623022265359612040e-03
9.939489540697529421e-03
9.781345613787535004e-03
9.710540176758139519e-03
9.685348542285070889e-03
9.685094905987153349e-03
9.699897318758024176e-03
9.725056906045852212e-03
9.758418204938086940e-03
9.798968632395609751e-03
9.850276787458702235e-03
9.904898492647615932e-03
9.966526849309933003e-03
1.003534542666329084e-02
1.011173915086704088e-02
1.019601639757667516e-02
1.028851986395777629e-02
1.038959257420112893e-02
1.050623409538113326e-02
1.062604275520139495e-02
1.076293518146448878e-02
9.705505929080499722e-03
9.478916652986195054e-03
9.366335216598801333e-03
9.317647403877464540e-03
9.305062817247741064e-03
9.313762055746428042e-03
9.336165561770292179e-03
9.368356752931234280e-03
9.408402941238678749e-03
9.458969157981382547e-03
9.516679178969117414e-03
9.581491319284610175e-03
9.544373192915300147e-03
9.402428860131650801e-03
9.340646532303731667e-03
9.323338226812355814e-03
9.331717777174780917e-03
9.842697604574689868e-03
1.155284839175900122e-02
9.957543732458452521e-03
9.301414050188271110e-03
9.026658247043402999e-03
8.894803835122058050e-03
8.815677076284906405e-03
8.756537838746816793e-03
1.020841708526472845e-02
9.621567479432178993e-03
9.377050155061199613e-03
9.264069420210595263e-03
9.202232273906417806e-03
1.032800136034999795e-02
9.696431200440835951e-03
9.425952422578178641e-03
1.145471512368432913e-02
1.020611713595381831e-02
9.731579642621260642e-03
1.320232486910684171e-02
1.092539053085314973e-02
1.011719682317337859e-02
9.819026890866213927e-03
9.686736052082919185e-03
9.608562707040616338e-03
9.548481327858486176e-03
9.494576417436742521e-03
9.442865517809186093e-03
9.391942989776993350e-03
9.341299333209705444e-03
9.290739950536976502e-03
9.240187780632284908e-03
9.189612777548900047e-03
9.139003443670688440e-03
9.088358296871748912e-03
9.037680924799302434e-03
8.986979814614807008e-03
8.936206809013776467e-03
9.989442922064649746e-03
9.977959618845065257e-03
9.978615746932083599e-03
9.988413305080351412e-03
1.000562341459854815e-02
