2.362215392977745632e-02
3.022580489044440766e-02
3.333858144472377077e-02
3.470998629592025875e-02
3.521499522067961241e-02
3.528689836776216504e-02
3.514793122341399595e-02
3.490714479342953841e-02
3.462045083322980166e-02
3.431521964402980268e-02
3.400452728730937735e-02
3.369559760541222110e-02
3.339216629169613343e-02
3.309607716728806687e-02
3.280982036050634348e-02
3.253198258109175900e-02
3.226014327778490426e-02
3.199783991819780266e-02
3.174468876525276401e-02
3.150072026380416196e-02
3.126556136082795506e-02
3.103916751251730582e-02
3.082139668180934253e-02
3.061189692535856710e-02
3.041006114651595080e-02
3.021694060141724009e-02
3.003167302855985071e-02
2.985404511079880682e-02
2.968391466090088485e-02
2.952103452891795266e-02
2.936522662558919625e-02
2.921629242797421644e-02
2.907400665981004634e-02
2.893817493957808254e-02
2.880913311925989775e-02
2.868577668733264877e-02
2.856787600960450021e-02
2.845526648718146867e-02
2.834928676449492702e-02
2.824874133076474628e-02
2.815270370958942656e-02
2.806185709315625956e-02
2.797668268416643803e-02
2.789602287164671957e-02
3.208257828088451613e-01
1.627861261596227072e-01
8.774905097639215668e-02
5.402002520247866507e-02
3.896861910499383602e-02
3.217822385167617982e-02
2.907175417952133703e-02
2.763755070802742519e-02
2.697634802480031527e-02
2.667797218838796960e-02
2.655169055879347609e-02
2.650750294933739912e-02
2.650247712265573971e-02
2.651576667906620569e-02
2.653754902764106707e-02
2.656293406113200903e-02
2.658960247105703750e-02
2.661646484588128456e-02
2.664287512211332629e-02
2.666860520911852953e-02
2.669358029751688413e-02
3.324804855179246954e-01
1.721974426773938971e-01
9.451293621402657996e-02
5.898519651932997154e-02
4.290087856319062948e-02
9.425267528394917216e-01
5.068275606463149563e-01
2.461906968691185138e-01
1.234947492736791497e-01
7.121440613559748556e-02
4.933643228498257871e-02
4.001397982028330469e-02
3.591921078161342679e-02
3.406165923981346877e-02
3.319187771898860634e-02
3.277063552782797512e-02
3.255764102702569246e-02
3.244287180008545435e-02
3.237483625543866733e-02
3.232908126261034576e-02
3.229382867488642811e-02
3.226339032613242952e-02
3.223499015594930017e-02
3.220727975004510080e-02
3.217963981331983109e-02
3.215174004256955709e-02
3.212343390817908040e-02
3.209467266135874325e-02
3.206544657806628673e-02
3.203574312694876247e-02
3.200556679532286924e-02
3.197495109046850914e-02
3.194390652589182422e-02
3.191244915997089315e-02
3.188060245956339522e-02
3.643500192902727752e-01
2.098501297752126238e+00
1.876647610076621842e+00
1.502362379574259332e+00
2.498021223530704660e+00
2.359764351535006188e+00
2.919188725140344332e+00
2.793959904446279285e+00
2.652054420328731510e+00
2.476734936937423193e+00
2.229099191046864714e+00
1.843694489335909070e+00
1.296879196452401573e+00
7.377756878933147133e-01
3.604002078548198540e-01
1.739446773318072681e-01
9.449470323810282846e-02
6.185456163383071942e-02
4.821538107086460051e-02
4.231123073294721509e-02
3.965595978020852730e-02
3.841905978629323037e-02
1.665402911741598324e-01
9.635823208930005546e-02
7.271637674136371965e-01
3.342113409401000212e-01
2.112584363429788059e+00
1.386459990771137685e+00
6.857618709117410116e-01
2.870198300098226740e-01
1.255409609629702383e-01
6.844265854922253201e-02
4.872021010548665404e-02
4.175340474610370750e-02
3.918989333602621722e-02
3.819968681356668977e-02
1.632589808614178517e-01
8.995752198842757452e-02
5.991698239042073104e-02
4.740452827183858076e-02
4.201741054814027432e-02
3.961329586187713192e-02
3.850516244851327763e-02
3.798056469711451333e-02
3.772683663364653772e-02
3.760200995862356815e-02
3.753953474018006942e-02
3.750785599345218130e-02
3.749136281935980947e-02
3.748245888628772005e-02
3.747736806380078806e-02
3.747419080350480186e-02
3.747197768942690799e-02
3.747023654578105628e-02
9.966232046159088920e-02
6.708392867341944621e-02
5.171504146612825731e-02
4.440536341945233029e-02
4.088364439630874647e-02
3.916574762255198988e-02
1.057138866471229871e-01
6.890969274509682607e-02
5.219526701029925803e-02
4.449510296454479291e-02
4.087883379841962539e-02
3.914715264587560056e-02
3.830581411910419926e-02
3.789208994795847940e-02
3.768646360456435335e-02
1.031423309988835080e-01
6.912173016798371650e-02
5.286391511242034824e-02
4.504090443075858124e-02
4.123203169777875376e-02
1.233665656733005933e-01
7.581844182675913368e-02
5.493072078989481855e-02
4.561321623716364793e-02
4.135834299134859282e-02
3.936723578113274224e-02
3.841514293189392942e-02
3.795190133583368347e-02
3.772331589232568588e-02
3.760893206983445536e-02
3.755094932341873637e-02
3.752099513397919722e-02
3.750509764911912070e-02
3.749632396933964135e-02
3.749096977003339715e-02
3.748764578496535660e-02
9.265042233130020566e-02
6.364521293237294930e-02
5.003691242985450205e-02
4.358500321370627206e-02
4.048471243408649500e-02
3.897541780206848633e-02
3.823249149658859009e-02
3.786342607752852391e-02
3.767872874284926288e-02
3.758554422811311024e-02
3.753795019053939724e-02
3.751341319840400396e-02
3.750026297813317810e-02
3.749284569525881267e-02
3.748824401352236074e-02
3.748514141332451310e-02
3.748286505485438208e-02
3.748095742877058378e-02
3.747921094328362374e-02
3.747746424729223036e-02
3.747584096934747366e-02
3.747420599309284756e-02
3.747255421846289875e-02
1.015951790117387427e-01
6.803820387088019284e-02
5.219627893829310167e-02
4.465567349595957886e-02
4.101710464168792369e-02
3.924030578877003156e-02
3.836324117972455400e-02
3.792649820853627451e-02
9.752839518484747450e-02
6.611091462361996796e-02
5.128405438570397823e-02
4.422169591269606292e-02
1.529260381799095181e-01
8.836492739290753573e-02
6.029016545533758681e-02
4.797995391660896114e-02
4.244451304077316578e-02
3.988435509447051108e-02
3.867150686161831968e-02
3.808477706029155668e-02
3.779601054900785795e-02
3.765188031687053544e-02
3.757890982769900717e-02
3.754132304061010700e-02
3.752184270535711269e-02
3.751116428436293559e-02
3.750495201927121769e-02
9.222620461115091373e-02
6.381584829771398681e-02
5.027607774007102071e-02
4.377166431654434808e-02
4.060733514857384902e-02
3.905304425125576129e-02
3.828207371300658413e-02
1.005085255475774847e-01
6.765820417989437674e-02
5.209656744901188657e-02
4.465642800358105707e-02
4.104993318806811342e-02
3.928067114935757109e-02
3.840311344299291579e-02
3.796351828605714490e-02
3.774178917462031602e-02
3.762898354414323521e-02
3.757132625397484327e-02
3.754122941371650091e-02
3.752509732815948601e-02
3.751606217174372621e-02
3.751056114799825036e-02
3.750703512385717558e-02
3.750442311506479304e-02
3.750223832135841928e-02
3.750027304894958113e-02
3.749842185793276356e-02
3.749662843186685190e-02
3.749488754241839944e-02
3.749319721259671695e-02
9.405929890078876254e-02
6.451195193242502401e-02
5.053983486667895653e-02
4.387163889808669975e-02
4.064637917335613831e-02
3.906733411101041831e-02
3.828697070805022612e-02
3.789782463229161846e-02
3.770227805585643632e-02
8.757764826289965443e-02
6.133816749145665215e-02
4.898359605794511129e-02
4.310306387312932280e-02
1.287545269991355323e-01
7.826257608527104059e-02
5.606808339778760614e-02
4.617079191658441523e-02
1.982158072176640751e-01
1.235485920164027807e+00
2.946777651405962928e+00
2.515512830101173325e+00
1.755889311575594025e+00
8.999769201346914382e-01
3.668210828164457649e-01
1.493888710671564812e-01
7.516220859670280641e-02
5.069438711619816268e-02
4.241951365244747002e-02
3.947780208294707216e-02
3.837210720783445356e-02
3.792608944290540296e-02
3.773505564234192616e-02
3.764856632684326909e-02
3.760737712809788386e-02
3.758676085214136819e-02
3.757601134040242097e-02
3.756990728610323099e-02
3.756608477185103406e-02
3.756342679476896984e-02
3.756136269248030318e-02
7.694226158813069483e-02
5.663148029597842720e-02
1.742514862040247248e-01
8.331442436485945180e-01
3.776378806671807919e-01
1.675019663033944228e-01
8.625143853398539728e-02
5.625557277475003171e-02
4.504148175757565625e-02
4.069711506030934678e-02
3.893897034783149608e-02
3.820073446320614019e-02
3.787424224618319429e-02
9.358317904661435371e-02
6.319510286000114274e-02
4.955197823468971557e-02
4.330081558723591906e-02
4.036391151552934375e-02
3.895506125635021105e-02
3.826739869429046648e-02
3.792355201819501420e-02
3.775087329290298388e-02
3.766508817253454849e-02
3.762092034140864655e-02
8.129269893667197266e-02
5.890573784643621941e-02
4.807906040501278705e-02
4.279448508883995639e-02
4.019029810528027685e-02
3.889551174428405173e-02
3.824496710119550807e-02
3.791664164975957346e-02
3.774974662193616992e-02
3.766419792890203511e-02
3.761977422463456955e-02
3.759623328844272083e-02
3.758305106653858640e-02
7.316720754017190520e-02
5.456414568252002106e-02
4.577493982213866330e-02
4.157276315928019883e-02
3.954129330142474447e-02
3.854780496594598788e-02
3.805861914774115451e-02
3.781589016510174955e-02
7.761672839176635141e-02
5.690937679819275258e-02
4.700909391580589125e-02
4.222393672008849241e-02
3.988653852272019268e-02
3.873392780980966510e-02
3.815919581370072478e-02
3.787126286171678402e-02
3.772594776045028186e-02
7.605866266016050870e-02
5.626551557253563207e-02
4.674018546907046656e-02
1.223090603967887657e-01
7.582365614757576033e-02
5.520160128955172579e-02
4.589991353759021592e-02
4.160440906779356435e-02
3.956515514177999515e-02
3.857655513456292179e-02
3.808903057871226155e-02
3.784518544390585992e-02
3.772169262377308985e-02
3.765834583743459668e-02
3.762528270387020812e-02
3.760756886917634989e-02
3.759769019520779743e-02
3.759180891625572146e-02
3.758639400266593211e-02
3.758271287565254776e-02
3.757983838966492268e-02
3.757753399310616305e-02
8.227000825241760629e-02
5.959818398409459650e-02
4.850044139802071191e-02
4.304407305019675861e-02
4.033277407911298185e-02
3.897506571011593451e-02
3.829058835392699228e-02
3.794349723190307971e-02
3.776645622805105407e-02
3.767544399924793730e-02
3.762656040997292006e-02
3.760070644537015505e-02
3.758655431724799295e-02
3.757841661292034979e-02
3.757334137748745417e-02
3.756983580179870663e-02
3.756709664615127953e-02
3.756479362043720766e-02
3.756249391843007046e-02
3.756036928624542637e-02
3.755836516570704858e-02
3.755637342860931177e-02
3.755452229683883120e-02
8.485106206791653838e-02
6.046212787550016982e-02
4.875291661431264273e-02
4.309208282580839072e-02
4.031941208419915351e-02
3.894727492274816655e-02
3.826214812734922421e-02
3.791575583013195166e-02
3.774183292420109359e-02
3.765125681577559391e-02
3.760446017505458122e-02
3.757963505520545838e-02
3.756607343334408128e-02
3.755820045993332051e-02
7.891419100360393124e-02
5.751422649960882122e-02
4.728421818753391487e-02
4.234498157387096839e-02
3.993395537769840742e-02
3.874380585740121868e-02
3.815404987324133579e-02
8.638305914659635820e-02
6.132902451734904836e-02
4.923487917702466105e-02
4.335655075421665505e-02
4.046393428034205514e-02
3.902644417423947742e-02
3.830608842259462105e-02
3.794257817317920473e-02
3.775789426092783507e-02
3.766165821921519524e-02
3.761172189935867161e-02
3.758537253309154891e-02
8.072818055868954956e-02
5.850433681081291387e-02
4.781095623833787195e-02
4.262895062417810382e-02
4.008819260208570240e-02
3.883069426109784367e-02
8.578183842451614360e-02
6.063790834863090617e-02
4.874009368933136799e-02
4.305146655717126403e-02
4.028938616532442424e-02
3.893153093243509333e-02
3.825706573765583901e-02
3.791751066414549010e-02
3.774590124937327040e-02
3.765834884833662438e-02
3.761309287738587998e-02
3.758919441003372858e-02
3.757613837879737045e-02
3.756854070922383687e-02
3.756377258760022070e-02
3.756040114520767248e-02
3.755751113688841208e-02
3.755512708941426830e-02
3.755300597879279723e-02
3.755126809034532026e-02
3.754947656923167398e-02
3.754775327442715777e-02
3.754599699049738365e-02
3.754427785739138101e-02
3.754253798532831976e-02
3.754084464657922449e-02
3.753906020156625584e-02
3.753743796429111906e-02
3.753581164990024699e-02
3.753412226631426540e-02
3.753243852352192850e-02
3.753076104022749077e-02
3.752241177300592173e-02
3.751695048054208559e-02
3.751298926611442569e-02
9.194426018034713988e-02
6.387991549348949472e-02
5.041108610528088202e-02
4.389322175385408642e-02
4.070475739662954978e-02
3.912768612987425204e-02
3.833915035270480526e-02
3.794254767548274621e-02
3.774153781575893124e-02
3.763881695409109635e-02
8.997635243848335629e-02
6.307783380537171358e-02
5.008428710251220523e-02
4.375994374888260430e-02
4.064889289270749717e-02
3.910437801604856739e-02
3.833124326450602221e-02
3.794275875859368791e-02
3.774442974699465658e-02
3.764435203524089946e-02
3.759103590794590777e-02
3.756288228360643577e-02
3.754749191397485641e-02
3.753687480117367387e-02
3.753039778247719421e-02
3.752605103544269516e-02
3.752291076187200258e-02
3.752252890708963201e-02
3.752150588246151719e-02
3.751802417438796639e-02
3.751745984472917156e-02
3.751634468144524059e-02
3.751495476420267650e-02
3.751095936376331458e-02
3.750796675464765362e-02
3.750814724541218920e-02
9.028687860724211867e-02
6.292760036821543057e-02
4.987658436258604611e-02
4.359351743266506179e-02
4.053332189743115432e-02
3.902656260043041447e-02
3.827873993183426859e-02
3.790257406206919144e-02
9.373177323041552433e-02
6.489376782303941937e-02
5.096601773252044942e-02
4.418961940766284041e-02
4.085775342227975643e-02
3.920403165597442091e-02
3.837645270332537550e-02
3.796019922360441279e-02
3.774746685108438388e-02
3.763865177241168536e-02
3.758236152746902842e-02
3.755273857388592706e-02
3.753655652969749984e-02
3.752637787421067572e-02
3.752151306931979236e-02
3.751818216409687212e-02
3.751563547649093555e-02
3.751349149025506868e-02
3.751150735840041300e-02
3.750970081618489743e-02
3.750791968725290110e-02
3.750618382958922914e-02
3.750454938644785102e-02
3.750290286400667639e-02
3.750121775573619920e-02
3.749949600943121297e-02
3.749776786554909896e-02
3.749610605352503290e-02
3.749445599328690010e-02
3.749283243018625145e-02
3.748941995594325810e-02
3.748751303614843849e-02
3.748542200118962914e-02
3.748143116414093257e-02
3.748044645144333470e-02
9.188582427251011653e-02
6.321891002888803401e-02
2.519892104081606354e-01
1.256622733489772548e-01
7.375817022783252852e-02
5.282008532860239108e-02
4.421164795031289757e-02
4.054915530563311943e-02
3.893135978385529189e-02
3.819983534116468127e-02
3.785539070836537595e-02
3.768957499690626933e-02
3.760789931295728528e-02
3.756680953456189437e-02
3.754562266568042816e-02
3.753427709065313561e-02
3.752786031365380054e-02
3.752390904171407776e-02
3.752118203583264255e-02
3.751908724972115305e-02
3.751732050699638221e-02
3.751570353860753798e-02
3.751414776342288510e-02
3.751256507322434791e-02
3.751108806444634902e-02
3.750960464868647454e-02
8.535939358858443682e-02
6.060843451203448001e-02
4.876075402599024111e-02
4.304014087629608881e-02
4.025055455450658737e-02
3.887518566950358412e-02
9.260189416317037014e-02
6.340012351248816569e-02
4.985753798625146282e-02
4.348898176615938194e-02
4.044493751218529443e-02
3.896836338189534760e-02
3.824097533904525364e-02
3.787998703628307762e-02
3.769920114550533163e-02
3.760776656988294026e-02
3.756093207671187123e-02
3.753644132967971087e-02
3.752317653840266110e-02
3.751557136616074511e-02
3.751082480853398099e-02
3.750731411456081910e-02
3.750486783293813936e-02
3.750350106418420815e-02
3.750204041718620263e-02
3.750050746899422083e-02
8.594437477901041567e-02
6.060027120816290080e-02
4.864390326631519434e-02
4.294186489356595360e-02
4.018769584103502879e-02
3.883870779633599030e-02
3.817354160468672958e-02
3.784249382834820041e-02
8.861916191415361577e-02
6.199732523346929147e-02
4.937388951465948583e-02
4.332597207211306284e-02
4.039242846951337368e-02
3.895312967967071160e-02
1.027257654105127455e-01
6.872481244751570129e-02
5.262779891347643679e-02
4.493976787043622856e-02
4.120894762761968810e-02
3.937430044524709710e-02
3.846200639110315678e-02
9.036061027902438092e-02
6.256229341791394449e-02
4.955749428372943632e-02
4.339184208716145852e-02
4.042372686342268762e-02
3.897236693881293151e-02
3.825535257313834175e-02
3.789755476385089916e-02
3.771815536590761297e-02
3.762705494700699371e-02
3.758015374780830642e-02
3.755552733103283830e-02
3.754210664923041119e-02
3.753439925818486539e-02
3.752964557968644504e-02
3.752641332917758255e-02
3.752289280422913681e-02
3.752034662268724508e-02
3.751817174589908155e-02
8.507069169398288888e-02
6.027386097228778356e-02
4.853559907339514978e-02
4.291595110007125069e-02
4.019232842391391725e-02
3.885523900492557359e-02
1.003871549278622793e-01
6.784252816682366516e-02
5.230752426503981756e-02
4.482863632015865463e-02
4.117520886456702001e-02
3.936895076231339968e-02
3.846639710048996991e-02
3.801176411808011163e-02
3.778141146099118358e-02
3.766365467372600334e-02
8.587974141937473882e-02
6.105488072446374481e-02
4.908228491371705721e-02
4.325756882150375016e-02
1.111996203397406513e-01
7.012332164617923747e-02
5.228093454244852473e-02
4.438094590116970634e-02
4.079154337598884378e-02
3.911693612161180889e-02
3.831881549689783450e-02
3.793131930062777074e-02
3.774013553241564733e-02
3.764448218139272023e-02
3.759576044113975557e-02
3.757032532275672576e-02
3.755657841253848966e-02
8.168928444694668889e-02
5.882806640411072929e-02
4.791535066555939471e-02
4.265117720865475859e-02
4.008367533015425727e-02
3.881837110997533175e-02
3.818920339662464081e-02
3.787229478319628639e-02
3.771172421850221140e-02
3.763038884376015275e-02
3.758836499059157316e-02
3.756557259566911666e-02
3.755299342630751686e-02
3.754620493663740621e-02
3.754170221782091726e-02
3.753760689392006411e-02
8.918233947391800143e-02
6.282567168321485929e-02
5.002128847955567004e-02
4.375426004961640442e-02
1.263468362082472984e-01
7.829083851029694507e-02
5.659788554592490306e-02
2.200284820014562770e-01
1.093739147444300619e-01
6.649545027492548277e-02
3.965193981863324724e-01
1.651322374954388439e-01
8.234667234814491144e-02
7.160771698989750744e-01
2.748863324744543757e-01
1.145280003624359749e-01
6.290941548106326886e-02
4.639019967196102850e-02
4.086644503807206757e-02
3.889925022033595414e-02
3.815028962061352974e-02
1.532854484341653611e-01
8.215534883828980173e-02
5.547570779106195116e-02
4.512936655763008509e-02
4.092583060045557747e-02
1.661201493247325689e-01
8.692237963733140393e-02
5.722421605183095061e-02
3.213174746137298365e-01
1.365030716934303723e-01
7.241185587938576973e-02
5.045635308423672416e-02
4.264890131758734826e-02
3.970799404964754642e-02
3.852960287971864128e-02
3.803090867592866936e-02
3.780953345187079012e-02
3.770718109550581787e-02
3.765814400434008141e-02
3.763376586513766942e-02
3.762107200897751164e-02
3.761402608627835431e-02
3.760974282659197698e-02
3.760683129581662842e-02
3.760459800917036882e-02
7.043914537386990193e-02
5.344729357949512538e-02
4.531007184753470945e-02
4.138074369667667923e-02
3.946601392700631317e-02
3.852348324233203364e-02
3.805707986409614246e-02
3.782471382519232012e-02
3.770806848390709232e-02
3.764884967712660985e-02
3.761818214568030116e-02
3.760179546989585175e-02
3.759255159787085188e-02
3.758696552362121579e-02
8.775306590855506961e-02
6.249906719817791695e-02
5.004654561457021894e-02
1.348435202183503878e-01
8.114211095991610834e-02
5.748501170519199066e-02
4.691124370127029708e-02
1.468138558680596728e-01
8.183754092989384277e-02
4.325964026353134595e-01
2.294632639726312373e+00
1.385540212030975216e+00
6.131239249730895402e-01
2.374310861085358049e-01
1.030028827853494700e-01
5.939242248912757205e-02
4.524103519831093601e-02
4.045948269220041305e-02
3.875506324388432872e-02
3.810635833780694898e-02
3.784311862623895850e-02
3.772947153162933831e-02
8.132579741659422268e-02
5.787173999881854713e-02
4.721725785099120665e-02
4.225631061125276200e-02
3.989585530150566856e-02
3.875207540055091576e-02
3.818961950016615953e-02
7.780388897004981985e-02
5.703113793025727657e-02
4.711181332263821714e-02
4.231420390297304518e-02
3.996573705192918435e-02
3.880333186438520571e-02
3.822252512416322856e-02
3.792991973826170121e-02
3.778129122873492146e-02
3.770329663330083264e-02
3.766257795737008862e-02
3.764076837892303684e-02
3.762856228606695219e-02
3.762125470155104623e-02
3.761645815040452756e-02
3.761293432196820274e-02
3.760603769685577635e-02
3.760525015761591316e-02
3.760396489010901788e-02
3.759769950722235271e-02
3.759795467129071339e-02
3.759719509105829277e-02
7.476829473941309923e-02
5.541883557068974508e-02
4.623718532963057293e-02
4.183206817701220354e-02
3.969451394556040846e-02
3.864620864733654682e-02
3.812344906707759024e-02
3.786222512617312685e-02
3.773299378535989457e-02
7.635945489902488947e-02
5.647116632439379280e-02
4.687745306063855616e-02
4.220316669529270565e-02
3.990394816754767177e-02
3.876271072968622694e-02
8.654228980248983294e-02
6.146995278993910156e-02
4.936816752649052925e-02
4.347226534612669280e-02
4.056175291161900204e-02
3.910928058523022166e-02
3.837738906780569642e-02
3.800414824847957174e-02
3.781285368387843349e-02
3.771389365530257443e-02
3.766203577271903108e-02
3.763615109176014079e-02
3.762192329603278318e-02
3.761369907928141521e-02
3.760686268645241359e-02
3.760235240373425297e-02
3.759902833957719237e-02
3.759630595324808811e-02
3.759383491836704172e-02
3.759162940678218573e-02
3.758946109632068516e-02
3.758734966326696125e-02
3.758499410179468730e-02
3.758278041583536233e-02
3.758064821022866903e-02
3.757415212065434718e-02
3.757442029667594496e-02
8.278544647808303014e-02
5.974866141409989478e-02
4.854773769146981249e-02
4.305330342178857045e-02
4.033328004986168336e-02
3.897489000916681129e-02
3.828953267052011972e-02
3.794215571624867667e-02
3.776482942619950600e-02
3.767351534192715096e-02
3.762587158501404933e-02
3.760045372929454732e-02
3.758638469692229811e-02
3.757790992782929218e-02
3.757244195167743633e-02
7.777422541884369822e-02
5.697235308909397167e-02
4.703194335528759068e-02
4.223126832968509409e-02
1.112263885010497666e-01
7.155501873134179069e-02
5.353627351969979936e-02
1.784503752678462951e-01
9.435423597186526345e-02
5.446435721723571488e-01
2.266264453622282293e-01
1.049091955148313965e-01
6.203784081991871313e-02
4.687919938831305866e-02
4.131731804443082579e-02
3.917380674029198595e-02
3.830156658569683348e-02
3.792837724419582945e-02
3.776171315103366705e-02
3.768434584298708395e-02
7.776810421072596902e-02
5.639059931373872209e-02
4.654030889942992189e-02
4.191994328362699113e-02
3.971612892737873962e-02
3.864917221297876904e-02
3.812613983562993664e-02
3.786526141451839605e-02
3.773455800335059201e-02
3.766611476797406682e-02
3.763038628335375196e-02
3.761120544350687184e-02
3.760025081334178454e-02
3.759341308269006227e-02
3.758844005982071163e-02
3.758808309053948693e-02
3.758703422025665153e-02
3.758183408889845950e-02
8.513255221862070510e-02
6.123767672841928800e-02
1.633748422753923124e-01
9.209094900574575637e-02
6.160972379106519070e-02
4.848208669485478545e-02
4.267433936884211521e-02
4.003220137198162248e-02
3.879178845931268577e-02
3.819565677821763761e-02
3.790343486993868333e-02
8.075388947203240853e-02
5.830060420824844519e-02
4.766281466940459899e-02
4.255276389713507496e-02
4.006542512101640002e-02
3.883979025053727746e-02
3.822950104116182996e-02
3.792280353690220124e-02
3.776734806734782096e-02
3.768398086077157094e-02
3.764261659507242563e-02
3.762056089705434481e-02
3.760833891623749370e-02
3.760106429145570334e-02
3.759628276064002489e-02
3.759280338457989673e-02
3.758998407160461797e-02
3.758371033295063862e-02
3.758307852572612823e-02
3.757779463987047375e-02
8.412838980804940303e-02
6.053550250884728173e-02
4.899586327708017192e-02
4.330493332586136251e-02
4.047438165297005674e-02
3.905476353305863818e-02
3.833748053908759418e-02
3.797101344159423131e-02
3.778331225877527844e-02
3.768452813471583757e-02
3.763262852139862003e-02
3.760488171893053289e-02
7.977892652675383500e-02
5.819973819793120701e-02
4.774769489983789889e-02
4.263846864311213875e-02
4.011771803354948623e-02
9.132397730182224838e-02
3.119725606162810916e-01
1.473579885087316077e-01
8.117573410647492549e-02
5.534630213820414257e-02
4.509761976772713038e-02
4.088870913235966714e-02
3.909685403935685838e-02
1.182425681736880008e-01
7.108917169614585585e-02
5.190269243366181506e-02
4.391387790024641608e-02
4.048265586146723716e-02
1.218184766974219346e-01
7.258702838598948825e-02
5.253910516089969895e-02
1.996148659759499622e-01
9.867119839333274300e-02
6.123271150179526029e-02
3.296637827465492276e-01
1.391426804018912611e-01
7.322426428953011934e-02
5.073790522219645549e-02
4.276029209036247974e-02
3.976402502347298196e-02
3.856905991465976041e-02
3.806327631882888002e-02
3.783871181887826785e-02
3.773490807594361007e-02
3.768517254401022865e-02
3.766041350908130858e-02
3.764753571611815369e-02
3.764028349884896568e-02
3.763592389378163372e-02
3.763293004140466635e-02
3.763063008415105243e-02
3.762863034243066340e-02
3.762665176567364655e-02
6.989675072559725644e-02
5.327470298708415763e-02
4.527484903908922387e-02
4.139077739526753064e-02
3.948957574147495680e-02
