1.009473523136773625e-02
1.037711182176292296e-02
1.084497867476833140e-02
1.149601486985579908e-02
1.232731661911115953e-02
1.333525610022511659e-02
1.451558237450131274e-02
1.586345011340433570e-02
1.737372542460977401e-02
1.904080173636344894e-02
2.085875674750993850e-02
2.282141156250306821e-02
2.492238696529217729e-02
2.715514444475189068e-02
2.951330241979717439e-02
3.198977519947970860e-02
3.457782787521801460e-02
3.727073138840703709e-02
4.006179162464464788e-02
4.294438224423921535e-02
4.591197577311474654e-02
4.895814235818887750e-02
5.207658009553205875e-02
5.526116708557789192e-02
5.850465779131099747e-02
6.180407152324948056e-02
6.515223769075768889e-02
6.854372901883896974e-02
7.197334329087357041e-02
7.543606370055518096e-02
7.892710947171184543e-02
8.244188965917186029e-02
8.597602458598871400e-02
8.952533933156768542e-02
9.308589195264523053e-02
9.665392579816074747e-02
1.002258814415908916e-01
1.037947451848801189e-01
1.073650461816932772e-01
1.109297827919285967e-01
1.144818504187367775e-01
1.180230773272874512e-01
1.215557779154652490e-01
1.250727337984210152e-01
1.232817405302568392e-01
1.277277102299145817e-01
1.332063414879615382e-01
1.390336151332848269e-01
1.448901864994998068e-01
1.506484466815663503e-01
1.562619771318987660e-01
1.617164522065420718e-01
1.670087484272034517e-01
1.721431389837150550e-01
1.771243367625131293e-01
1.819576021825045631e-01
1.866496627273983577e-01
1.912027319344831999e-01
1.956233001566699548e-01
1.999161089609064190e-01
2.040857151669253633e-01
2.081380413909028337e-01
2.120755428609656101e-01
2.159021954152516853e-01
2.196217303892735173e-01
2.131277277207344611e-01
2.201039245805737343e-01
2.264509560785059050e-01
2.322912249032145215e-01
2.377676050216786796e-01
2.679147808770902528e-01
3.165779043193641118e-01
3.485107903410649688e-01
3.657121703461209683e-01
3.747888740728821944e-01
3.800800744428207145e-01
3.836709401442832679e-01
3.864677173512640618e-01
3.888627540318737030e-01
3.910288132015110607e-01
3.930438669207383939e-01
3.949446739755140823e-01
3.967496025802467186e-01
3.984684997948022556e-01
4.001072945106156076e-01
4.016699836868156681e-01
4.031597130497724946e-01
4.045789768525601682e-01
4.059302572785717933e-01
4.072156411856872604e-01
4.084371125197017727e-01
4.095966863024968485e-01
4.106962551791875082e-01
4.117376262394913944e-01
4.127225637489563836e-01
4.136527804934422847e-01
4.145299384945342336e-01
4.153556332217842040e-01
4.161314263036789973e-01
4.168588312882192115e-01
5.817935838597061426e-01
4.054519495099239701e-01
5.780634048832333782e-01
9.401175018319125609e-01
3.507049686410769751e-01
4.082333919707442638e-01
3.415684928690812527e-01
3.503937244629909964e-01
3.685501535978658039e-01
4.158432959822046526e-01
5.447495766871864875e-01
8.583743392404686867e-01
1.435049534779965441e+00
2.118796030962201371e+00
2.622136260778725969e+00
2.877819541959735883e+00
2.976644380415920832e+00
2.999956154902037486e+00
2.989932928664205125e+00
2.965361875283599957e+00
2.934396057932445956e+00
2.900625850158421226e+00
4.397594546682906724e+00
4.504947985014076117e+00
4.249793753829573362e+00
5.016378264954001409e+00
2.023578822853383308e+00
3.286860735936126598e+00
4.606313316600792795e+00
5.396924388706556996e+00
5.730277880629343734e+00
5.851859789340960738e+00
5.894368519703115261e+00
5.908806160533787377e+00
5.913142819658556704e+00
5.913689788535050340e+00
5.632558844313177993e+00
5.775881984759527299e+00
5.825808986552534208e+00
5.837460855266964010e+00
5.833258432144607930e+00
5.822144784637717230e+00
5.807765612264184085e+00
5.791660960451771700e+00
5.774508202235675292e+00
5.756613623181380923e+00
5.738096454372411337e+00
5.719072625760955653e+00
5.699551903914913176e+00
5.679549963848744554e+00
5.659074377907364450e+00
5.638129711032161318e+00
5.616718302626534154e+00
5.594840065834152831e+00
5.881561262386621358e+00
5.908815344262229097e+00
5.910751996654138196e+00
5.899790676651642585e+00
5.882173371782952742e+00
5.860984982426534984e+00
6.101868809186250964e+00
6.137284000567982289e+00
6.140828930320042289e+00
6.129466231567342049e+00
6.110897571233521397e+00
6.088615943298917976e+00
6.064204062284767716e+00
6.038473942008244499e+00
6.011756590310351811e+00
6.276731505258522859e+00
6.322711580745629334e+00
6.333904481282472965e+00
6.327074907926608205e+00
6.310817594868927571e+00
6.420683495287637044e+00
6.495146761706614313e+00
6.513780172635876831e+00
6.507628258809180721e+00
6.490163290664074047e+00
6.467136154121360114e+00
6.441106411619704097e+00
6.413214471504423919e+00
6.384009411703546633e+00
6.353683168339647303e+00
6.322370677401453420e+00
6.290123814037975158e+00
6.256963500060240158e+00
6.222897571485930257e+00
6.187929036058489096e+00
6.152058155612756707e+00
6.608242358057864863e+00
6.625733996043916108e+00
6.619194332867185615e+00
6.600634595224259549e+00
6.575831637226259296e+00
6.547549410139206216e+00
6.517117527926499676e+00
6.485179846964531869e+00
6.452048499246068936e+00
6.417890556072495478e+00
6.382743918296119645e+00
6.346658000293188273e+00
6.309648322965739631e+00
6.271722881955008155e+00
6.232887719697533413e+00
6.193148725946912236e+00
6.152513552397961050e+00
6.110992196155144995e+00
6.068597147847337503e+00
6.025343800777082315e+00
5.981249267775476497e+00
5.936334383874360299e+00
5.890621872265497494e+00
6.666902124016768738e+00
6.707535051865495035e+00
6.712028319505574991e+00
6.698349762196953883e+00
6.675385924002290139e+00
6.647462115557789986e+00
6.616694713749713408e+00
6.584124865450152519e+00
6.932174160814060571e+00
6.966846894061076156e+00
6.969358471236928310e+00
6.955665754867908390e+00
6.983778625734892387e+00
7.131872895980565730e+00
7.183709697529556237e+00
7.192348346090014388e+00
7.181549079245446165e+00
7.161458848323515980e+00
7.136607504443515992e+00
7.109011096180688050e+00
7.079596725060224749e+00
7.048794899125716995e+00
7.016808496302201270e+00
6.983732371175467080e+00
6.949602689536471978e+00
6.914438379218625919e+00
6.878245194428526332e+00
7.234882959715330131e+00
7.260737783554853664e+00
7.258401893946315298e+00
7.241645863204198896e+00
7.217057972722378700e+00
7.188249967596249235e+00
7.156642163553478930e+00
7.412938422835275709e+00
7.467042104970493810e+00
7.480369049750003718e+00
7.473035956573164107e+00
7.455015436206513080e+00
7.431281188314733832e+00
7.404138718403068253e+00
7.374655792182124969e+00
7.343511611124736937e+00
7.310989838506563032e+00
7.277224452374483121e+00
7.242276085520901852e+00
7.206169107634823767e+00
7.168910925325934436e+00
7.130502374180200498e+00
7.090940881020374675e+00
7.050225395038199672e+00
7.008356832123412872e+00
6.965338420767042571e+00
6.921176293799018886e+00
6.875879684245227885e+00
6.829460931713968286e+00
6.781935470197461235e+00
7.462974021493932852e+00
7.495152345916705094e+00
7.495481143306052196e+00
7.479777928430346279e+00
7.455738693401946726e+00
7.427105941116560750e+00
7.395708555205738222e+00
7.362446872526840380e+00
7.327754491121961422e+00
7.674578536503970483e+00
7.689514687908858726e+00
7.681623848736934157e+00
7.662319135438329987e+00
7.740660634935494500e+00
7.847214150803901944e+00
7.881112615378894404e+00
7.882297930937117947e+00
7.829645649815690334e+00
5.084738820906914647e+00
1.226565312577877709e+00
2.057942395384696699e+00
3.853984927432338559e+00
6.089859544407363323e+00
7.573812383761684863e+00
8.211044505176616326e+00
8.438183911642997970e+00
8.514619049254964267e+00
8.539096885791376934e+00
8.545320753432489980e+00
8.544816708418697004e+00
8.541598517943034707e+00
8.537169571176432825e+00
8.532062676115096167e+00
8.526570946727430211e+00
8.520798230976513565e+00
8.514857333393027972e+00
8.508706056668872364e+00
8.502346246342636249e+00
8.495782160955696938e+00
8.489006194068185351e+00
8.346341739891284917e+00
8.344423910479521922e+00
8.332070536231000801e+00
7.238529873721378571e+00
8.112241225124048327e+00
8.538013674756784965e+00
8.706980026864549416e+00
8.768581744850138193e+00
8.789617857105795906e+00
8.795566009196603474e+00
8.795815766170415273e+00
8.793802674849654721e+00
8.790897307917902026e+00
8.565370377119670309e+00
8.617402381323215010e+00
8.629946940951237266e+00
8.624741328105399063e+00
8.611042806403251149e+00
8.592837125397583264e+00
8.571882818595343068e+00
8.548270036731118182e+00
8.522940032691892043e+00
8.496810087901332409e+00
8.469268738984171208e+00
8.640199964673136890e+00
8.660875553245825031e+00
8.661337444873247193e+00
8.650789523524130331e+00
8.633992782731128912e+00
8.613380172363125808e+00
8.590180756605038326e+00
8.564999802591380273e+00
8.538120856886669330e+00
8.509679698507570222e+00
8.479704757284771688e+00
8.448191369747828361e+00
8.415099720870271582e+00
8.732667940292847319e+00
8.720870529670992966e+00
8.703227678761153996e+00
8.682342508341474030e+00
8.659345053523388458e+00
8.634713878791176356e+00
8.608641547529943594e+00
8.581182877904481643e+00
8.781299118258093728e+00
8.787269582079261454e+00
8.779882005687687396e+00
8.765245165439374375e+00
8.746394496540542463e+00
8.724831124929663062e+00
8.701286241565650670e+00
8.676106988437769729e+00
8.649434309037216551e+00
8.848404018129791382e+00
8.851187057508550282e+00
8.842774717307690935e+00
8.836677263257563197e+00
8.937425682161196150e+00
8.976247315165350571e+00
8.987173827870941878e+00
8.984826828062848492e+00
8.975875405622787184e+00
8.963332779216949930e+00
8.948599009157179651e+00
8.932330498837998789e+00
8.914832159666692846e+00
8.896236238488514303e+00
8.876589422179414157e+00
8.855889715182783561e+00
8.834116870172040947e+00
8.811236955761744483e+00
8.787208681413627431e+00
8.761985665506564658e+00
8.735522903255368732e+00
8.707775971088610234e+00
8.908375961863159276e+00
8.938758120025605436e+00
8.946053226107705925e+00
8.941369145355057668e+00
8.929657541016219113e+00
8.913797650392414340e+00
8.895287300877606995e+00
8.874899466605347342e+00
8.853018108352454618e+00
8.829810452133925125e+00
8.805364709031357151e+00
8.779714977482452554e+00
8.752838060737909487e+00
8.724706919755154999e+00
8.695288393089962042e+00
8.664545625280220875e+00
8.632440543425593305e+00
8.598935552911454394e+00
8.563995451859428343e+00
8.527584324809406979e+00
8.489670424971400564e+00
8.450211711666067771e+00
8.409193356881363712e+00
8.875026848076034369e+00
8.907837830577850724e+00
8.914830745078452523e+00
8.908306280321660608e+00
8.894510969789877208e+00
8.876563692563841812e+00
8.856027566234384807e+00
8.833006818335148225e+00
8.809189270559317109e+00
8.783383361750122020e+00
8.757109946460307270e+00
8.729702591478019968e+00
8.701162832399861102e+00
8.671476724749229703e+00
8.930847035048733673e+00
8.939278083642395956e+00
8.932793214501645096e+00
8.918287909732820040e+00
8.899241093961521187e+00
8.876696882012344858e+00
8.852920975199197073e+00
8.978157444502416595e+00
9.015976663058804519e+00
9.026168103055674408e+00
9.021658786826744603e+00
9.009173769228198125e+00
8.992139351289727855e+00
8.972298850649831792e+00
8.950551804769798281e+00
8.927323215647957610e+00
8.902807509085162607e+00
8.877113659879652730e+00
8.850272104926171224e+00
9.030606965928138052e+00
9.048557305904749271e+00
9.047522056566934978e+00
9.036275589014332255e+00
9.019347115558918659e+00
8.999026683502719948e+00
9.087161973262263714e+00
9.117916539864078018e+00
9.123077119097670717e+00
9.115227089361329860e+00
9.100467623333349465e+00
9.081785300675285555e+00
9.060606590683425665e+00
9.037631994640017652e+00
9.013196974234270797e+00
8.987454810163335139e+00
8.960459937934835750e+00
8.932223802415062863e+00
8.902737131420558114e+00
8.871974068515079637e+00
8.839907325911516622e+00
8.806502477741448232e+00
8.771719713881568126e+00
8.735536275015023833e+00
8.697924643770109654e+00
8.658852059356432207e+00
8.618303112601447324e+00
8.576257256308265298e+00
8.532682774617184052e+00
8.487589112391926705e+00
8.440941092854108874e+00
8.392754830550813949e+00
8.343015750319450419e+00
8.291722479037389348e+00
8.238883608094432986e+00
8.184501545437353087e+00
8.128594013829323117e+00
8.071179076451517886e+00
8.009700379024792483e+00
7.946528883408012334e+00
7.881724445691601133e+00
8.937301786867029918e+00
8.991742713272895315e+00
9.008680827049618145e+00
9.006356321056669501e+00
8.994438676570757352e+00
8.977009774354687721e+00
8.955752221763626508e+00
8.932394591958187746e+00
8.908207025401441825e+00
8.882888169773208276e+00
9.024399644086964045e+00
9.074441096409348262e+00
9.090433047711250936e+00
9.088465145342675910e+00
9.076462192686964414e+00
9.059118249765855779e+00
9.038620581992059755e+00
9.016616080546484113e+00
8.992636837029369445e+00
8.968031148696242738e+00
8.942418794946322080e+00
8.915859424977913505e+00
8.888379450448113062e+00
8.859293620787749290e+00
8.829213435259747556e+00
8.798133807393634598e+00
8.766047619148709558e+00
8.733784197842535235e+00
8.700588530610987803e+00
8.665549442035795025e+00
8.630391939477906504e+00
8.594286509371453775e+00
8.557242054694647493e+00
8.518250449390295742e+00
8.478237005069409804e+00
8.438303744163828668e+00
8.966104250874444404e+00
9.009269008803824974e+00
9.019867088761126084e+00
9.013380121328447458e+00
8.998075972813463608e+00
8.977960737894191467e+00
8.955379194240038032e+00
8.931030095078451581e+00
9.023652741093151519e+00
9.083427508801694472e+00
9.103665793611089185e+00
9.103086340977148083e+00
9.091170447445003688e+00
9.073197909520374083e+00
9.051731764582157780e+00
9.028408109205223298e+00
9.003576220750240111e+00
8.977570940520738674e+00
8.950554152929651508e+00
8.922604512848693048e+00
8.893757436496324331e+00
8.863601961759989933e+00
8.832967168239610700e+00
8.801455719911970732e+00
8.769056294182488998e+00
8.735774135160664144e+00
8.701580669401472790e+00
8.666526370698703019e+00
8.630569284748988323e+00
8.593741119792571936e+00
8.556085567357371247e+00
8.517568775814741144e+00
8.478203695101836246e+00
8.437990322172741031e+00
8.396965941403305322e+00
8.355151033035024710e+00
8.312566752155502670e+00
8.269235362043376725e+00
8.224453549472928060e+00
8.179189939906088114e+00
8.133721465474879508e+00
8.086832707411973686e+00
8.040091173968811233e+00
8.869730203129572388e+00
8.905717161852676256e+00
8.865328776119371312e+00
9.213958230454839082e+00
9.355003924832342221e+00
9.408237472996530570e+00
9.426036504641107427e+00
9.429541961285197615e+00
9.426936263750837597e+00
9.421699902619643296e+00
9.415101713492777691e+00
9.407892099725783552e+00
9.400276448646408767e+00
9.392381656461614270e+00
9.384267542215548374e+00
9.375961572604715855e+00
9.367476633155483512e+00
9.358819153803112911e+00
9.349991662103883883e+00
9.340994536255164959e+00
9.331826909540128057e+00
9.322488210809584785e+00
9.312978227452022750e+00
9.303295444653128854e+00
9.293439467076233029e+00
9.283409946291886428e+00
9.082533320050686143e+00
9.104643604529233158e+00
9.105024263167440068e+00
9.093481976300500591e+00
9.076030533693728586e+00
9.055132981537271419e+00
9.182720612360578016e+00
9.226030736532198517e+00
9.236162470614242892e+00
9.230233770431535589e+00
9.216306009194688897e+00
9.198182763286689934e+00
9.177466881503743679e+00
9.155217863623304808e+00
9.131860626539967996e+00
9.107600464980643906e+00
9.082534509220414165e+00
9.056706671469953562e+00
9.030134894074778984e+00
9.002824872432785952e+00
8.974777007995136557e+00
8.945993877284589502e+00
8.916466092408004585e+00
8.886502215309150188e+00
8.855835772698966935e+00
8.824456260091189108e+00
9.138387278879749331e+00
9.161277019834516366e+00
9.160638722369373710e+00
9.147970039520133767e+00
9.129051222229012552e+00
9.106408145782205921e+00
9.082012990128712104e+00
9.056269485738443592e+00
9.246583119151203789e+00
9.285516308564440990e+00
9.294892325235101893e+00
9.289206975311914860e+00
9.275703035056872992e+00
9.257967819616645500e+00
9.257224413146717623e+00
9.349203118758563136e+00
9.386706324413458091e+00
9.396719506171496761e+00
9.392766035235929678e+00
9.381509396553088465e+00
9.366257506568222979e+00
9.315142486915917175e+00
9.359188825907795106e+00
9.369110240901891373e+00
9.362247386494702894e+00
9.346842347443560683e+00
9.326565486374079228e+00
9.303519608858159984e+00
9.278619152650058766e+00
9.252590959048482944e+00
9.225398994168134692e+00
9.197123574735424967e+00
9.167808807659165282e+00
9.137445599897159099e+00
9.106041310368599540e+00
9.073584148477069178e+00
9.040077400839500399e+00
9.005084803557696915e+00
8.968961000404959805e+00
8.931697348202320086e+00
9.327373715273340693e+00
9.355465158104497192e+00
9.358395077678153484e+00
9.348528303516719262e+00
9.331935316994657725e+00
9.311600141745298487e+00
9.341717310055996037e+00
9.429565861294967988e+00
9.465771334805491932e+00
9.475501950938850726e+00
9.471572456052108180e+00
9.460398849274518795e+00
9.445034227036561703e+00
9.427250787291352907e+00
9.408047328760234862e+00
9.387676628886246988e+00
9.376406791655766071e+00
9.412159969709739116e+00
9.419729521619929713e+00
9.412230445783045241e+00
9.359726258193340698e+00
9.440189724670622340e+00
9.461317462618351826e+00
9.457022095590629007e+00
9.441378791218504318e+00
9.420207469459109362e+00
9.395955867929382421e+00
9.369699921478758853e+00
9.341856498278543697e+00
9.312683396541713066e+00
9.282220840678396812e+00
9.250482606055124180e+00
9.217469703348658783e+00
9.474445235999070292e+00
9.495697253709479924e+00
9.495663296213409765e+00
9.484463727557676194e+00
9.467211674759703044e+00
9.446407330873032748e+00
9.423303640218545496e+00
9.398526527621836379e+00
9.372115999515745699e+00
9.344700431675519781e+00
9.316098375451831615e+00
9.286042868666523731e+00
9.254772567353734658e+00
9.222563879159155320e+00
9.189128427123080201e+00
9.154117721837964794e+00
9.379684443838213426e+00
9.430242094180563583e+00
9.445631649621265780e+00
9.442169077220762929e+00
9.404395546058561095e+00
9.560453102065929798e+00
9.628323037580138077e+00
9.236709166854586428e+00
9.586249852560733586e+00
9.719408081286971424e+00
8.791795137323102693e+00
9.496639080407380362e+00
9.744984906117331036e+00
7.893346667875787759e+00
9.198849158535633563e+00
9.675715210501198982e+00
9.825913979922587416e+00
9.870067916288775223e+00
9.881282631938701044e+00
9.882118384598150840e+00
9.879573645606489762e+00
9.501838966583738610e+00
9.726326065673882582e+00
9.803612444432586059e+00
9.827406536263453063e+00
9.831441871932062426e+00
9.499410913184060945e+00
9.753838070561092977e+00
9.843513037425305257e+00
9.074779736559731802e+00
9.649774348703779481e+00
9.843431328080020748e+00
9.904441412377599008e+00
9.921827050043631857e+00
9.924862148122876704e+00
9.923022987441319387e+00
9.919451451932735253e+00
9.915228318985398914e+00
9.910738528680225201e+00
9.906125245635287513e+00
9.901443974402074133e+00
9.896716880603205979e+00
9.891952011370992892e+00
9.887150923961868898e+00
9.882313613007729813e+00
9.877438660062569653e+00
9.689723670798242594e+00
9.671347287971299167e+00
9.649570666136806807e+00
9.625362443934488255e+00
9.599212522419062310e+00
9.571338003919226622e+00
9.541810429308027253e+00
9.510613312569354605e+00
9.477726765466460535e+00
9.443075955788239995e+00
9.406579943175582770e+00
9.368172967770036053e+00
9.327772473795853614e+00
9.285296427100727001e+00
9.562937247191531043e+00
9.618226796430457526e+00
9.637957573172977632e+00
9.594665970870774885e+00
9.756776312404296547e+00
9.827105840279537929e+00
9.855945393631584395e+00
9.628863241978930176e+00
9.818452783527698458e+00
8.769803117521592029e+00
3.416980463973180004e+00
5.933940728732512326e+00
8.201039348784672001e+00
9.345808937762127400e+00
9.765891490687300447e+00
9.902786793611269900e+00
9.944926059424361142e+00
9.956157464665766454e+00
9.956936095104344631e+00
9.954036045900057417e+00
9.949737467773514865e+00
9.944849614048502318e+00
9.750899901897057021e+00
9.774479148506662440e+00
9.773057858375301166e+00
9.760263354009531156e+00
9.741667566129949662e+00
9.719607868738979306e+00
9.695075879083777437e+00
9.762272314208384927e+00
9.776260810238991183e+00
9.772467691035178206e+00
9.759219748189559951e+00
9.740517779180750679e+00
9.718287741523313983e+00
9.693452090344090166e+00
9.666429660041735872e+00
9.637383408737703050e+00
9.606348030170734020e+00
9.573266843159021988e+00
9.538081599334942595e+00
9.500698046636969707e+00
9.461010538750043608e+00
9.418923245216383577e+00
9.374309569065887970e+00
9.325365316709108399e+00
9.275178656790975751e+00
9.222120417556125105e+00
9.164034746572733425e+00
9.104688543509318777e+00
9.042158754525468467e+00
9.681018828959391698e+00
9.679985074491485264e+00
9.666642586651637004e+00
9.646760768404632813e+00
9.622980828888168858e+00
9.596507035868288682e+00
9.566872071512934284e+00
9.535129917370980479e+00
9.502473187504664409e+00
9.697300626988573313e+00
9.705791723803798732e+00
9.699875704886265382e+00
9.685644030001215654e+00
9.666490635321602909e+00
9.644130762430055626e+00
9.706236901225551605e+00
9.755721788496659386e+00
9.773631920714876742e+00
9.774937993359218424e+00
9.767288750157021582e+00
9.754551404434192108e+00
9.738686381120960078e+00
9.720047574639322008e+00
9.699649419735855815e+00
9.677713365484823527e+00
9.654321407146374767e+00
9.630335555254884383e+00
9.605008812318365230e+00
9.578280874000743239e+00
9.550105735000883556e+00
9.520420028922861988e+00
9.489156714813050897e+00
9.456247247286128754e+00
9.421622703798442799e+00
9.385211687328542496e+00
9.346952171525879649e+00
9.306793952006739090e+00
9.264641021913906371e+00
9.220445419849172097e+00
9.174137032873201036e+00
9.123667315483141138e+00
9.072830542128754061e+00
9.567233422369344709e+00
9.599449067018158033e+00
9.605712317290638680e+00
9.597833045700681964e+00
9.582024169250210832e+00
9.561506521852940921e+00
9.537936008449753089e+00
9.512152454448235872e+00
9.484573039507896652e+00
9.455389854575626529e+00
9.424675168074079679e+00
9.392448622181637674e+00
9.358698894558104442e+00
9.323390028906922922e+00
9.286471964961723558e+00
9.569464557777811464e+00
9.576716368880887842e+00
9.568193316210736654e+00
9.551193637578139217e+00
9.540645163620073532e+00
9.645322251277928416e+00
9.686140021288137447e+00
9.503120300265145204e+00
9.753598835089722030e+00
8.437391686241884514e+00
9.389108410761947354e+00
9.753495576519709331e+00
9.877953243072585821e+00
9.917882560770021172e+00
9.928938292718052949e+00
9.930005220098923502e+00
9.927516677856186078e+00
9.923703310836135216e+00
9.919371005607903413e+00
9.914817818256619120e+00
9.715397658882999110e+00
9.723872596229787391e+00
9.714718994302755206e+00
9.697375730079629719e+00
9.675711582273402556e+00
9.651329150419574177e+00
9.624885027883919975e+00
9.596633729239536947e+00
9.566647037723660318e+00
9.533960274523787248e+00
9.499324342350753625e+00
9.462663150541459345e+00
9.423889878118369978e+00
9.382911983133778833e+00
9.339633156454667073e+00
9.295407730907127686e+00
9.248923137000760519e+00
9.198438000591714570e+00
9.606348832748265565e+00
9.653059527859680244e+00
9.601931585790051571e+00
9.784871950107232763e+00
9.861907409839840710e+00
9.892533664483037725e+00
9.903262841699392638e+00
9.905115591890366389e+00
9.902911600756171495e+00
9.898715071445240099e+00
9.893482965919139005e+00
9.704436251341165942e+00
9.728369769673296474e+00
9.729865839916017833e+00
9.719727319172505986e+00
9.703278506893784794e+00
9.683059328824251466e+00
9.660278376696002312e+00
9.635493438085514839e+00
9.608970646757025946e+00
9.579864154936963416e+00
9.549979441788522649e+00
9.518432865439745427e+00
9.485188559390492102e+00
9.450161026798062025e+00
9.413283831188948625e+00
9.374482875942753424e+00
9.333684259233145042e+00
9.289233054479067775e+00
9.244089240899995730e+00
9.194956968564783395e+00
9.600303367049599856e+00
9.639966347600397611e+00
9.651094231312915994e+00
9.646350100328557886e+00
9.632695613614696839e+00
9.613823559863549306e+00
9.591616703197155758e+00
9.567047039493971283e+00
9.540595955588052846e+00
9.511644676828863609e+00
9.481007493742753311e+00
9.448701981028897023e+00
9.612336769171511364e+00
9.631942446204005748e+00
9.631089283068938300e+00
9.618991708119356332e+00
9.600462941035997844e+00
9.619366024183724662e+00
9.311336037305371960e+00
9.704404591716439654e+00
9.855720752473594359e+00
9.909014042696895785e+00
9.925585614753364538e+00
9.928589758521663811e+00
9.926434309783088494e+00
9.695219833661813169e+00
9.826899825970967228e+00
9.871793741541619482e+00
9.883370851285979697e+00
9.881996366709161705e+00
9.726404330958821731e+00
9.869701165054120651e+00
9.921183072701726502e+00
9.526754180449472642e+00
9.828830578563220399e+00
9.932816770615932711e+00
9.158746438897248154e+00
9.727621083002285118e+00
9.918105603885534194e+00
9.977318756387054677e+00
9.993836442021565958e+00
9.996405340302036535e+00
9.994290685520157425e+00
9.990557861555588559e+00
9.986232944892069696e+00
9.981678715773965038e+00
9.977027008165469724e+00
9.972328251492102780e+00
9.967602299610971883e+00
9.962857007884162286e+00
9.958095053742269442e+00
9.953316816202791628e+00
9.948521276079942410e+00
9.943706285524754662e+00
9.938883559548211011e+00
9.809820221097497850e+00
9.796711157539700565e+00
9.780011935425868330e+00
9.760786445136117706e+00
9.739613534264950800e+00
