5.000000000000000000e-01 5.000000000000000000e-01 5.000000000000000000e-01 5.000000000000000000e-01 5.000000000000000000e-01 5.000000000000000000e-01 5.000000000000000000e-01 5.000000000000000000e-01 5.000000000000000000e-01 5.000000000000000000e-01 5.000000000000000000e-01 5.000000000000000000e-01 5.000000000000000000e-01 5.000000000000000000e-01 5.000000000000000000e-01 5.000000000000000000e-01 5.000000000000000000e-01 5.000000000000000000e-01 5.000000000000000000e-01 5.000000000000000000e-01 5.000000000000000000e-01
5.000000000000000000e-01 5.000000000000000000e-01 5.000000000000000000e-01 5.000000000000000000e-01 5.000000000000000000e-01 5.000000000000000000e-01 5.000000000000000000e-01 5.000000000000000000e-01 5.000000000000000000e-01 5.000000000000000000e-01 5.000000000000000000e-01 5.000000000000000000e-01 5.000000000000000000e-01 5.000000000000000000e-01 5.000000000000000000e-01 5.000000000000000000e-01 5.000000000000000000e-01 5.000000000000000000e-01 5.000000000000000000e-01 5.000000000000000000e-01 5.000000000000000000e-01
5.000000000000000000e-01 5.000000000000000000e-01 5.000000000000000000e-01 5.000000000000000000e-01 5.000000000000000000e-01 5.000000000000000000e-01 5.000000000000000000e-01 5.000000000000000000e-01 5.000000000000000000e-01 5.000000000000000000e-01 5.000000000000000000e-01 5.000000000000000000e-01 5.000000000000000000e-01 5.000000000000000000e-01 5.000000000000000000e-01 5.000000000000000000e-01 5.000000000000000000e-01 5.000000000000000000e-01 5.000000000000000000e-01 5.000000000000000000e-01 5.000000000000000000e-01
5.000000000000000000e-01 5.000000000000000000e-01 5.000000000000000000e-01 5.000000000000000000e-01 5.000000000000000000e-01 5.000000000000000000e-01 5.000000000000000000e-01 5.000000000000000000e-01 5.000000000000000000e-01 5.000000000000000000e-01 5.000000000000000000e-01 5.000000000000000000e-01 5.000000000000000000e-01 5.000000000000000000e-01 5.000000000000000000e-01 5.000000000000000000e-01 8.414220633251661141e-01 6.378013365461913109e-01 9.694947461085546836e-01 3.195638894289500875e-01 1.410325383047579817e-01
5.000000000000000000e-01 5.000000000000000000e-01 5.000000000000000000e-01 5.000000000000000000e-01 5.000000000000000000e-01 5.000000000000000000e-01 5.000000000000000000e-01 5.000000000000000000e-01 5.000000000000000000e-01 5.000000000000000000e-01 5.000000000000000000e-01 5.000000000000000000e-01 5.000000000000000000e-01 5.000000000000000000e-01 5.000000000000000000e-01 5.334450324980877234e-01 4.721194785134069094e-01 6.357637801043298786e-01 6.421218724582393733e-01 6.417059326708379752e-01 4.373852327000603557e-01
5.000000000000000000e-01 5.000000000000000000e-01 5.000000000000000000e-01 5.000000000000000000e-01 5.000000000000000000e-01 5.000000000000000000e-01 5.000000000000000000e-01 5.000000000000000000e-01 5.000000000000000000e-01 5.000000000000000000e-01 5.000000000000000000e-01 5.000000000000000000e-01 5.000000000000000000e-01 1.919199329791476671e-01 3.466172536456565978e-01 8.550723548632548354e-01 4.946124950820373622e-01 2.468996081681814336e-01 7.999485580137903895e-01 7.384408490751136478e-01 5.889450124518240681e-01
5.000000000000000000e-01 5.000000000000000000e-01 5.000000000000000000e-01 5.000000000000000000e-01 5.000000000000000000e-01 5.000000000000000000e-01 5.000000000000000000e-01 5.000000000000000000e-01 5.000000000000000000e-01 5.000000000000000000e-01 5.000000000000000000e-01 2.122363841063091006e-01 2.909360219142793080e-01 4.784673787926634336e-01 6.216587490045826225e-01 5.300568068043292058e-01 2.523622704100698111e-01 7.437746776228107981e-01 8.662398440517606879e-01 5.693054549289570110e-01 6.651876403299938900e-01
5.000000000000000000e-01 5.000000000000000000e-01 5.000000000000000000e-01 5.000000000000000000e-01 5.000000000000000000e-01 5.000000000000000000e-01 5.000000000000000000e-01 5.000000000000000000e-01 5.000000000000000000e-01 5.000000000000000000e-01 3.630697838705911340e-01 8.327179951868729502e-02 4.390776930206992668e-01 6.912777167390813382e-01 3.377454298739137051e-01 7.398035996743994591e-01 4.627048912524768798e-01 6.489033365919195662e-01 8.798248986940944150e-01 7.666338776619929796e-01 5.978792707488641556e-01
5.000000000000000000e-01 5.000000000000000000e-01 5.000000000000000000e-01 5.000000000000000000e-01 5.000000000000000000e-01 5.000000000000000000e-01 5.000000000000000000e-01 5.000000000000000000e-01 5.000000000000000000e-01 6.484228665339000219e-01 1.118325587776297508e-01 8.554530326627732828e-01 7.215808315816401031e-01 2.350941856935205854e-01 7.304028846409320597e-01 7.792954397713290904e-01 7.366807346826509395e-01 6.525606112528075098e-01 8.709558028531358964e-01 9.340556159933708358e-01 5.164840104229108109e-01
5.000000000000000000e-01 5.000000000000000000e-01 5.000000000000000000e-01 5.000000000000000000e-01 5.000000000000000000e-01 5.000000000000000000e-01 5.000000000000000000e-01 5.000000000000000000e-01 5.000000000000000000e-01 5.050561419155964460e-01 3.948021543007616541e-01 7.714467017325443710e-01 1.377689729601257185e-01 6.064902838788791550e-01 5.667493529198476265e-01 7.896831754589508368e-01 5.945711268463401700e-01 7.354165912959650386e-01 9.512082035092136456e-01 6.478207904266208850e-01 5.621969279027135835e-01
5.000000000000000000e-01 5.000000000000000000e-01 5.000000000000000000e-01 5.000000000000000000e-01 5.000000000000000000e-01 5.000000000000000000e-01 5.000000000000000000e-01 5.000000000000000000e-01 6.310285419190806433e-01 6.074518489585903347e-02 7.646133268406342109e-01 3.153378807784266713e-01 6.478715604253110216e-01 7.195456285126701212e-01 7.450510807992297702e-01 9.046061429253062780e-01 8.693436977322461789e-01 8.578345853112397945e-01 8.581994373484743699e-01 9.084763748465387589e-01 3.855342078257543714e-01
5.000000000000000000e-01 5.000000000000000000e-01 5.000000000000000000e-01 5.000000000000000000e-01 5.000000000000000000e-01 5.000000000000000000e-01 5.000000000000000000e-01 5.000000000000000000e-01 5.934481954908041867e-01 6.068684915092734111e-02 8.045317305001316033e-01 1.955250128086157835e-01 8.521477952169073111e-01 4.946834962646661227e-01 7.782302763397309642e-01 8.114795386489153106e-01 8.868220242644544449e-01 8.932998759051007376e-01 7.657436044272120101e-01 5.541550711284821684e-01 5.710951296953682421e-01
5.000000000000000000e-01 5.000000000000000000e-01 5.000000000000000000e-01 5.000000000000000000e-01 5.000000000000000000e-01 5.000000000000000000e-01 5.000000000000000000e-01 9.449253278200443473e-01 9.433672097106832188e-02 6.517538208998885363e-01 5.588458485459610880e-01 7.003690618338226370e-01 5.955353208533810117e-01 8.305405312956428698e-01 7.259077332032229934e-01 9.121637197173604328e-01 8.864068536450115943e-01 8.438600528811968093e-01 5.790358977471004032e-01 7.198865597511623360e-01 4.278920113057352315e-01
5.000000000000000000e-01 5.000000000000000000e-01 5.000000000000000000e-01 5.000000000000000000e-01 5.000000000000000000e-01 5.000000000000000000e-01 5.000000000000000000e-01 6.860589447205066582e-01 7.179911154552579000e-02 4.139361644362007930e-01 1.674731405394694617e-01 7.063320229586594889e-01 6.506613419231244144e-01 8.055016137341948212e-01 8.520461653505745359e-01 8.930699660127523476e-01 9.378498862579218720e-01 7.814197539894264244e-01 5.038683241160097914e-01 5.000000000000048850e-01 4.050465794598752112e-01
5.000000000000000000e-01 5.000000000000000000e-01 5.000000000000000000e-01 5.000000000000000000e-01 5.000000000000000000e-01 5.000000000000000000e-01 5.000000000000000000e-01 8.407077603424141232e-01 3.169624685630654803e-01 8.271816332314915199e-01 6.719665890743973247e-01 7.725417554993658786e-01 8.241086726085514735e-01 7.552461212152853376e-01 8.563937959019042312e-01 9.353122841720572511e-01 9.315179941878714009e-01 6.288216612133621375e-01 5.051183363164489792e-01 4.568934943345396293e-01 5.408087857077311655e-01
5.000000000000000000e-01 5.000000000000000000e-01 5.000000000000000000e-01 5.000000000000000000e-01 5.000000000000000000e-01 5.000000000000000000e-01 5.000000000000000000e-01 6.288259437431288346e-01 1.290284874663932824e-01 7.910977370481165893e-01 7.717879278983862390e-01 6.370025185823542380e-01 7.783777249457707326e-01 8.645851603224882220e-01 8.850871184225318489e-01 9.262612025485632561e-01 9.248028918430689638e-01 4.852430925499188752e-01 5.030929168541327101e-01 4.695044217160496691e-01 4.366478684546633016e-01
