1.000000000000000021e-02 1.000000000000000021e-02 1.000000000000000021e-02 1.000000000000000021e-02 1.000000000000000021e-02 1.000000000000000021e-02 1.000000000000000021e-02 1.000000000000000021e-02 1.000000000000000021e-02 1.000000000000000021e-02 1.000000000000000021e-02 1.000000000000000021e-02 1.000000000000000021e-02 1.000000000000000021e-02 1.000000000000000021e-02 1.000000000000000021e-02 1.000000000000000021e-02 1.000000000000000021e-02 1.000000000000000021e-02 1.000000000000000021e-02 1.000000000000000021e-02
1.000000000000000021e-02 1.000000000000000021e-02 1.000000000000000021e-02 1.000000000000000021e-02 1.000000000000000021e-02 1.000000000000000021e-02 1.000000000000000021e-02 1.000000000000000021e-02 1.000000000000000021e-02 1.000000000000000021e-02 1.000000000000000021e-02 1.000000000000000021e-02 1.000000000000000021e-02 1.000000000000000021e-02 1.000000000000000021e-02 1.000000000000000021e-02 1.000000000000000021e-02 1.000000000000000021e-02 1.000000000000000021e-02 1.000000000000000021e-02 1.000000000000000021e-02
1.000000000000000021e-02 1.000000000000000021e-02 1.000000000000000021e-02 1.000000000000000021e-02 1.000000000000000021e-02 1.000000000000000021e-02 1.000000000000000021e-02 1.000000000000000021e-02 1.000000000000000021e-02 1.000000000000000021e-02 1.000000000000000021e-02 1.000000000000000021e-02 1.000000000000000021e-02 1.000000000000000021e-02 1.000000000000000021e-02 1.000000000000000021e-02 1.000000000000000021e-02 1.000000000000000021e-02 1.000000000000000021e-02 1.000000000000000021e-02 1.000000000000000021e-02
1.000000000000000021e-02 1.000000000000000021e-02 1.000000000000000021e-02 1.000000000000000021e-02 1.000000000000000021e-02 1.000000000000000021e-02 1.000000000000000021e-02 1.000000000000000021e-02 1.000000000000000021e-02 1.000000000000000021e-02 1.000000000000000021e-02 1.000000000000000021e-02 1.000000000000000021e-02 1.000000000000000021e-02 1.000000000000000021e-02 1.000000000000000021e-02 3.062631578947368372e+00 3.062631578947368372e+00 1.000000000000000021e-02 3.062631578947368372e+00 3.062631578947368372e+00
1.000000000000000021e-02 1.000000000000000021e-02 1.000000000000000021e-02 1.000000000000000021e-02 1.000000000000000021e-02 1.000000000000000021e-02 1.000000000000000021e-02 1.000000000000000021e-02 1.000000000000000021e-02 1.000000000000000021e-02 1.000000000000000021e-02 1.000000000000000021e-02 1.000000000000000021e-02 1.000000000000000021e-02 1.000000000000000021e-02 3.062631578947368372e+00 4.588947368421052886e+00 4.588947368421052886e+00 4.588947368421052886e+00 4.588947368421052886e+00 4.588947368421052886e+00
1.000000000000000021e-02 1.000000000000000021e-02 1.000000000000000021e-02 1.000000000000000021e-02 1.000000000000000021e-02 1.000000000000000021e-02 1.000000000000000021e-02 1.000000000000000021e-02 1.000000000000000021e-02 1.000000000000000021e-02 1.000000000000000021e-02 1.000000000000000021e-02 1.000000000000000021e-02 3.062631578947368372e+00 3.062631578947368372e+00 4.588947368421052886e+00 4.588947368421052886e+00 6.115263157894736956e+00 4.588947368421052886e+00 6.115263157894736956e+00 6.115263157894736956e+00
1.000000000000000021e-02 1.000000000000000021e-02 1.000000000000000021e-02 1.000000000000000021e-02 1.000000000000000021e-02 1.000000000000000021e-02 1.000000000000000021e-02 1.000000000000000021e-02 1.000000000000000021e-02 1.000000000000000021e-02 1.000000000000000021e-02 3.062631578947368372e+00 4.588947368421052886e+00 4.588947368421052886e+00 4.588947368421052886e+00 4.588947368421052886e+00 6.115263157894736956e+00 6.115263157894736956e+00 6.115263157894736956e+00 7.641578947368421026e+00 7.641578947368421026e+00
1.000000000000000021e-02 1.000000000000000021e-02 1.000000000000000021e-02 1.000000000000000021e-02 1.000000000000000021e-02 1.000000000000000021e-02 1.000000000000000021e-02 1.000000000000000021e-02 1.000000000000000021e-02 1.000000000000000021e-02 3.062631578947368372e+00 3.062631578947368372e+00 4.588947368421052886e+00 4.588947368421052886e+00 4.588947368421052886e+00 6.115263157894736956e+00 7.641578947368421026e+00 7.641578947368421026e+00 7.641578947368421026e+00 9.167894736842105985e+00 1.069421052631578917e+01
1.000000000000000021e-02 1.000000000000000021e-02 1.000000000000000021e-02 1.000000000000000021e-02 1.000000000000000021e-02 1.000000000000000021e-02 1.000000000000000021e-02 1.000000000000000021e-02 1.000000000000000021e-02 3.062631578947368372e+00 3.062631578947368372e+00 4.588947368421052886e+00 4.588947368421052886e+00 6.115263157894736956e+00 6.115263157894736956e+00 6.115263157894736956e+00 7.641578947368421026e+00 9.167894736842105985e+00 9.167894736842105985e+00 9.167894736842105985e+00 1.222052631578947413e+01
1.000000000000000021e-02 1.000000000000000021e-02 1.000000000000000021e-02 1.000000000000000021e-02 1.000000000000000021e-02 1.000000000000000021e-02 1.000000000000000021e-02 1.000000000000000021e-02 1.000000000000000021e-02 3.062631578947368372e+00 4.588947368421052886e+00 4.588947368421052886e+00 4.588947368421052886e+00 6.115263157894736956e+00 6.115263157894736956e+00 7.641578947368421026e+00 9.167894736842105985e+00 9.167894736842105985e+00 9.167894736842105985e+00 1.222052631578947413e+01 1.374684210526315908e+01
1.000000000000000021e-02 1.000000000000000021e-02 1.000000000000000021e-02 1.000000000000000021e-02 1.000000000000000021e-02 1.000000000000000021e-02 1.000000000000000021e-02 1.000000000000000021e-02 3.062631578947368372e+00 3.062631578947368372e+00 4.588947368421052886e+00 4.588947368421052886e+00 6.115263157894736956e+00 6.115263157894736956e+00 7.641578947368421026e+00 7.641578947368421026e+00 9.167894736842105985e+00 1.069421052631578917e+01 1.222052631578947413e+01 1.222052631578947413e+01 1.527315789473684227e+01
1.000000000000000021e-02 1.000000000000000021e-02 1.000000000000000021e-02 1.000000000000000021e-02 1.000000000000000021e-02 1.000000000000000021e-02 1.000000000000000021e-02 1.000000000000000021e-02 3.062631578947368372e+00 3.062631578947368372e+00 4.588947368421052886e+00 4.588947368421052886e+00 6.115263157894736956e+00 7.641578947368421026e+00 7.641578947368421026e+00 9.167894736842105985e+00 1.069421052631578917e+01 1.222052631578947413e+01 1.222052631578947413e+01 1.527315789473684227e+01 1.679947368421052900e+01
1.000000000000000021e-02 1.000000000000000021e-02 1.000000000000000021e-02 1.000000000000000021e-02 1.000000000000000021e-02 1.000000000000000021e-02 1.000000000000000021e-02 3.062631578947368372e+00 3.062631578947368372e+00 4.588947368421052886e+00 4.588947368421052886e+00 6.115263157894736956e+00 6.115263157894736956e+00 7.641578947368421026e+00 9.167894736842105985e+00 9.167894736842105985e+00 1.069421052631578917e+01 1.222052631578947413e+01 1.374684210526315908e+01 1.527315789473684227e+01 1.679947368421052900e+01
1.000000000000000021e-02 1.000000000000000021e-02 1.000000000000000021e-02 1.000000000000000021e-02 1.000000000000000021e-02 1.000000000000000021e-02 1.000000000000000021e-02 3.062631578947368372e+00 4.588947368421052886e+00 4.588947368421052886e+00 4.588947368421052886e+00 6.115263157894736956e+00 7.641578947368421026e+00 7.641578947368421026e+00 9.167894736842105985e+00 1.069421052631578917e+01 1.222052631578947413e+01 1.527315789473684227e+01 1.679947368421052900e+01 1.832578947368421396e+01 1.985210526315789892e+01
1.000000000000000021e-02 1.000000000000000021e-02 1.000000000000000021e-02 1.000000000000000021e-02 1.000000000000000021e-02 1.000000000000000021e-02 1.000000000000000021e-02 3.062631578947368372e+00 4.588947368421052886e+00 4.588947368421052886e+00 6.115263157894736956e+00 6.115263157894736956e+00 7.641578947368421026e+00 9.167894736842105985e+00 9.167894736842105985e+00 1.069421052631578917e+01 1.374684210526315908e+01 1.679947368421052900e+01 1.832578947368421396e+01 1.985210526315789892e+01 1.985210526315789892e+01
1.000000000000000021e-02 1.000000000000000021e-02 1.000000000000000021e-02 1.000000000000000021e-02 1.000000000000000021e-02 1.000000000000000021e-02 1.000000000000000021e-02 3.062631578947368372e+00 4.588947368421052886e+00 4.588947368421052886e+00 6.115263157894736956e+00 6.115263157894736956e+00 7.641578947368421026e+00 9.167894736842105985e+00 1.069421052631578917e+01 1.222052631578947413e+01 1.374684210526315908e+01 1.985210526315789892e+01 1.985210526315789892e+01 2.137842105263158032e+01 2.137842105263158032e+01
