5.000000000000000000e-01 5.000000000000000000e-01 5.000000000000000000e-01 5.000000000000000000e-01 5.000000000000000000e-01 5.000000000000000000e-01 5.000000000000000000e-01 5.000000000000000000e-01 5.000000000000000000e-01 5.000000000000000000e-01 5.000000000000000000e-01 5.000000000000000000e-01 5.000000000000000000e-01 5.000000000000000000e-01 5.000000000000000000e-01 5.000000000000000000e-01 5.000000000000000000e-01 5.000000000000000000e-01 5.000000000000000000e-01 5.000000000000000000e-01 5.000000000000000000e-01
5.000000000000000000e-01 5.000000000000000000e-01 5.000000000000000000e-01 5.000000000000000000e-01 5.000000000000000000e-01 5.000000000000000000e-01 5.000000000000000000e-01 5.000000000000000000e-01 5.000000000000000000e-01 5.000000000000000000e-01 5.000000000000000000e-01 5.000000000000000000e-01 5.000000000000000000e-01 5.000000000000000000e-01 5.000000000000000000e-01 5.000000000000000000e-01 5.000000000000000000e-01 5.000000000000000000e-01 5.000000000000000000e-01 5.000000000000000000e-01 5.000000000000000000e-01
5.000000000000000000e-01 5.000000000000000000e-01 5.000000000000000000e-01 5.000000000000000000e-01 5.000000000000000000e-01 5.000000000000000000e-01 5.000000000000000000e-01 5.000000000000000000e-01 5.000000000000000000e-01 5.000000000000000000e-01 5.000000000000000000e-01 5.000000000000000000e-01 5.000000000000000000e-01 5.000000000000000000e-01 5.000000000000000000e-01 5.000000000000000000e-01 5.000000000000000000e-01 5.000000000000000000e-01 5.000000000000000000e-01 5.000000000000000000e-01 5.000000000000000000e-01
5.000000000000000000e-01 5.000000000000000000e-01 5.000000000000000000e-01 5.000000000000000000e-01 5.000000000000000000e-01 5.000000000000000000e-01 5.000000000000000000e-01 5.000000000000000000e-01 5.000000000000000000e-01 5.000000000000000000e-01 5.000000000000000000e-01 5.000000000000000000e-01 5.000000000000000000e-01 5.000000000000000000e-01 5.000000000000000000e-01 5.000000000000000000e-01 5.000000000000000000e-01 5.000000000000000000e-01 5.000000000000000000e-01 5.000000000000000000e-01 5.000000000000000000e-01
5.147210951407029667e-01 1.900212936972228150e-01 5.000000000000000000e-01 5.000000000000000000e-01 5.000000000000000000e-01 5.000000000000000000e-01 5.000000000000000000e-01 5.000000000000000000e-01 5.000000000000000000e-01 5.000000000000000000e-01 5.000000000000000000e-01 5.000000000000000000e-01 5.000000000000000000e-01 5.000000000000000000e-01 5.000000000000000000e-01 5.000000000000000000e-01 5.000000000000000000e-01 5.000000000000000000e-01 5.000000000000000000e-01 5.000000000000000000e-01 5.000000000000000000e-01
9.520227464395328298e-02 1.843935565072769844e-01 2.808320976024810678e-01 6.306767858949648975e-01 5.000000000000000000e-01 5.000000000000000000e-01 5.000000000000000000e-01 5.000000000000000000e-01 5.000000000000000000e-01 5.000000000000000000e-01 5.000000000000000000e-01 5.000000000000000000e-01 5.000000000000000000e-01 5.000000000000000000e-01 5.000000000000000000e-01 5.000000000000000000e-01 5.000000000000000000e-01 5.000000000000000000e-01 5.000000000000000000e-01 5.000000000000000000e-01 5.000000000000000000e-01
3.600563673564216582e-01 3.742613373158863443e-01 5.969894014159243811e-01 8.076889506314381961e-01 9.532944957182172274e-01 5.000000000000000000e-01 5.000000000000000000e-01 5.000000000000000000e-01 5.000000000000000000e-01 5.000000000000000000e-01 5.000000000000000000e-01 5.000000000000000000e-01 5.000000000000000000e-01 5.000000000000000000e-01 5.000000000000000000e-01 5.000000000000000000e-01 5.000000000000000000e-01 5.000000000000000000e-01 5.000000000000000000e-01 5.000000000000000000e-01 5.000000000000000000e-01
1.261673113785720390e-01 1.006219565925490500e-01 2.576543476038068992e-01 4.362067401421899637e-01 5.250228119897545342e-01 2.129113075247343057e-01 5.000000000000000000e-01 5.000000000000000000e-01 5.000000000000000000e-01 5.000000000000000000e-01 5.000000000000000000e-01 5.000000000000000000e-01 5.000000000000000000e-01 5.000000000000000000e-01 5.000000000000000000e-01 5.000000000000000000e-01 5.000000000000000000e-01 5.000000000000000000e-01 5.000000000000000000e-01 5.000000000000000000e-01 5.000000000000000000e-01
1.737639301941870107e-01 5.718521665120455122e-01 5.417433191620101285e-01 4.238017265004166978e-01 2.354767065809489635e-01 2.599847577969764401e-01 8.824136787670141535e-01 5.000000000000000000e-01 5.000000000000000000e-01 5.000000000000000000e-01 5.000000000000000000e-01 5.000000000000000000e-01 5.000000000000000000e-01 5.000000000000000000e-01 5.000000000000000000e-01 5.000000000000000000e-01 5.000000000000000000e-01 5.000000000000000000e-01 5.000000000000000000e-01 5.000000000000000000e-01 5.000000000000000000e-01
4.611125643240234218e-01 1.692256933894495941e-01 2.519427042725961852e-01 4.761602816420137940e-01 5.010232533004791433e-01 2.303567759664475190e-01 2.617794432379965675e-01 9.433279492463855220e-01 5.000000000000000000e-01 5.000000000000000000e-01 6.425381002404244590e-01 5.000000000000000000e-01 5.000000000000000000e-01 5.000000000000000000e-01 5.000000000000000000e-01 5.000000000000000000e-01 5.000000000000000000e-01 5.000000000000000000e-01 5.000000000000000000e-01 5.000000000000000000e-01 5.480610794536221464e-01
2.524876172774261907e-01 5.727935834295735384e-01 5.495419915421236867e-01 3.327175266430371647e-01 6.644894685563030867e-01 3.687390551691459573e-01 5.194297484143237664e-01 8.941832395431750236e-01 7.057170538326494880e-01 3.797392888590538362e-01 5.824015424047516154e-01 3.047540411251725145e-01 1.192352163813143878e-01 2.455458274028374799e-01 1.676286991443592667e-01 3.857728730968751352e-01 6.796330537976352781e-02 2.023718859988242746e-01 5.081101034714358838e-02 9.081891644738798730e-01 8.782333076237529290e-02
4.365660842077689896e-01 3.195213285972777206e-01 2.537188379533627525e-01 5.234999501271492273e-01 5.216373295786814746e-01 3.812734882414681170e-01 3.296915322846693530e-01 9.617531180976518490e-01 6.638742735153061458e-01 6.117142958084051951e-01 6.943661657053108449e-01 1.393889016251381174e-01 7.840090822820627858e-01 2.195064443509329721e-01 2.640696475531679743e-01 3.695564503913590371e-01 5.975750147574416804e-01 3.610038032220600490e-01 8.768465201375136298e-02 2.045225359298036560e-01 7.456236797460307208e-01
3.615001977039341563e-01 4.316522340634042498e-01 4.493078125467397932e-01 2.983803969481377827e-01 4.515702852774331477e-01 4.428201398202274985e-01 4.950070991998046788e-01 8.481904891942081415e-01 1.910960130637549270e-01 8.128624923486482690e-01 8.133036346008203354e-01 7.682545970348146902e-01 7.673092097778396736e-01 7.321676080275166809e-01 6.176197318276295256e-01 3.175106332515197916e-01 8.205182805594338769e-01 7.027167693456926045e-01 4.997675292611073461e-01 2.206562096824894459e-01 6.784849300006279282e-01
2.756732783383013530e-01 4.775997014948096253e-01 3.879243580483233145e-01 4.929786850150532085e-01 5.305984055231723895e-01 3.067798222617152959e-01 3.766950538190853570e-01 8.411359318292503939e-01 1.628332425009335893e-01 6.475784290797557130e-01 7.504325997288568972e-01 6.704814128831525499e-01 8.275242235647606304e-01 6.932566439715754925e-01 7.802243593558439994e-01 8.105701120006447713e-01 8.435703107327132688e-01 8.754116993019898096e-01 7.124652628205718763e-01 7.535457042710338449e-01 8.365508522217119936e-01
4.773416657784023687e-01 3.281042731310666039e-01 4.033790339878531861e-01 3.680721193584974293e-01 5.543999856005427107e-01 4.899776175269044409e-01 4.746800444781804074e-01 5.264105820169093786e-01 8.677749012658084737e-01 1.231964868324696566e-01 4.010805306918720503e-01 5.685242436503352703e-01 6.632476542552280252e-01 6.404751518375954022e-01 6.605266228742777690e-01 6.718384364834372180e-01 6.968854005117464112e-01 6.694534469467705584e-01 6.771643856250966209e-01 7.022101236235048782e-01 7.021649488498450387e-01
2.731400129632032270e-01 4.693801919577476611e-01 3.723497493947481862e-01 4.500241481946592459e-01 4.971777754917430237e-01 4.616917335484085894e-01 4.540772606436837000e-01 4.529956429758202896e-01 6.878941814185419723e-01 1.164237344202143920e-01 1.280113621976986249e-01 2.859895083156455686e-01 2.902284400728030178e-01 3.044717684629507648e-01 3.360021190080607623e-01 3.347410382523094419e-01 3.536791276007589246e-01 3.518325690087069635e-01 3.909739920312784167e-01 4.050269097356810066e-01 4.564710378711298588e-01
