7.233044534278970650e-02 7.233044528622949165e-02 7.233044498129248545e-02 7.233044573721034154e-02 7.233044453260704942e-02 7.233044546828193422e-02 7.233044532376596558e-02 7.233044519738307532e-02 7.233044564362960116e-02 7.233044476785327470e-02 7.233044571105465281e-02
7.233044458664560084e-02 7.217643642479247557e-02 7.202048949689951463e-02 7.186521695857461811e-02 7.171061093130161324e-02 7.155667195497926458e-02 7.140338983286804997e-02 7.125076224419284177e-02 7.109878783914885814e-02 7.094745964486856571e-02 7.079677438998289996e-02
7.233044447513328756e-02 7.202308152824912768e-02 7.171317950216074544e-02 7.140593570391572109e-02 7.110131337217849568e-02 7.079927686233598860e-02 7.049979653261959078e-02 7.020283830616544374e-02 6.990837501207509963e-02 6.961636757469197301e-02 6.932679046284447033e-02
7.233044171173580450e-02 7.187037599679774180e-02 7.140848301785172880e-02 7.095248864682807133e-02 7.050228117830724395e-02 7.005774865485804581e-02 6.961878890880694726e-02 6.918529517706081822e-02 6.875716713831600546e-02 6.833430262458048410e-02 6.791661011611639653e-02
7.233044430356387611e-02 7.171831832695584052e-02 7.110636234065889627e-02 7.050476156880734757e-02 6.991325723670104020e-02 6.933159339219560624e-02 6.875952826196425616e-02 6.819682481948192987e-02 6.764326052766322928e-02 6.709860704693433597e-02 6.656265572245394224e-02
7.233044195567849000e-02 7.156690089909246988e-02 7.080678962662657894e-02 7.006265306591168140e-02 6.933399122209948917e-02 6.862033656188197550e-02 6.792121988931487664e-02 6.723620289000455108e-02 6.656486826845962879e-02 6.590680750108449115e-02 6.526162817187219911e-02
7.233044428303210538e-02 7.141612532005914282e-02 7.050972774110095265e-02 6.962605381926305348e-02 6.876424994998296680e-02 6.792352255231323688e-02 6.710310451658162145e-02 6.630226881211802314e-02 6.552032351421477330e-02 6.475660297087046380e-02 6.401048668211570258e-02
7.233044313664652170e-02 7.126597847989418755e-02 7.021514873482004315e-02 6.919486029282498341e-02 6.820379579820808058e-02 6.724072063603325766e-02 6.630446232873983547e-02 6.539392377726402361e-02 6.450805317335094047e-02 6.364586165280904095e-02 6.280641606836274982e-02
7.233044399916729872e-02 7.111646449457997843e-02 6.992302277266826405e-02 6.876897642117159315e-02 6.765240330850251504e-02 6.657151024792989924e-02 6.552461198806031062e-02 6.451013086211990211e-02 6.352658536721224325e-02 6.257258035414571540e-02 6.164680375400082013e-02
7.233043800486262109e-02 7.096757524718901033e-02 6.963331602680540577e-02 6.834830158293854485e-02 6.710985183746343008e-02 6.591548761083856900e-02 6.476288924715598028e-02 6.364990874829264123e-02 6.257453355845837839e-02 6.153489715940051868e-02 6.052923917119841513e-02
7.233044346691909487e-02 7.081930860943953798e-02 6.934600108598384938e-02 6.793274168383997558e-02 6.657593735598191231e-02 6.527226735999085150e-02 6.401867479973316621e-02 6.281232644837630996e-02 6.165059928174613374e-02 6.053106860198779332e-02 5.947993312173441988e-02
7.233044147364897647e-02 7.067166395638110887e-02 6.906104595753867481e-02 6.752220478348959498e-02 6.605044916574868974e-02 6.464148150641227386e-02 6.329136895007800301e-02 6.199650144788224765e-02 6.075355336027269543e-02 5.968498332323428357e-02 5.877730285611131034e-02
7.233044205929167747e-02 7.052463188321021759e-02 6.877842249835514066e-02 6.711660101054300887e-02 6.553319018084444170e-02 6.402276987140734232e-02 6.258040152510253862e-02 6.120159815619959087e-02 6.006304589959328422e-02 5.905098644223089055e-02 5.810879362183136304e-02
7.233044129318702553e-02 7.037820743647241195e-02 6.849810857610771908e-02 6.671584101196495475e-02 6.502396847215791142e-02 6.341578998406402490e-02 6.188523398647562818e-02 6.062631257234486759e-02 5.949286008552304855e-02 5.844518429060240050e-02 5.746962497984699908e-02
7.233044240073242814e-02 7.023239171748779652e-02 6.822006341825183340e-02 6.631983809609770519e-02 6.452260621936443952e-02 6.282021120490433042e-02 6.139300888265782075e-02 6.011652413667839534e-02 5.894617688831298163e-02 5.786407369886158863e-02 5.685627722961098668e-02
7.233044348698847159e-02 7.008717987779417014e-02 6.794427108839898310e-02 6.592850959469488681e-02 6.402891062772103625e-02 6.238882682093131044e-02 6.094177995939905473e-02 5.962647234942386465e-02 5.842028957537727385e-02 5.730498409298678125e-02 5.626603192480828658e-02
7.233043979071407392e-02 6.994255885285521890e-02 6.767069451109113121e-02 6.554177341439500204e-02 6.364822175580155117e-02 6.199612973129159377e-02 6.050744713534986219e-02 5.915397568052974120e-02 5.791303083764572091e-02 5.676550396090183220e-02 5.569666710438712226e-02
7.233044272421160215e-02 6.979854840221107193e-02 6.739931734485803128e-02 6.521694469161977425e-02 6.331600258071079512e-02 6.161736089063930139e-02 6.008795973072676710e-02 5.869740457010055867e-02 5.742253181193444911e-02 5.624378635674591453e-02 5.514632174826122196e-02
7.233044326446323724e-02 6.965512093572089058e-02 6.714907179812366900e-02 6.494854426865463715e-02 6.299503630540985444e-02 6.125172297020509832e-02 5.968170456137774499e-02 5.825505330548665789e-02 5.694714334594439681e-02 5.573853635791856803e-02 5.461342898319936773e-02
7.233044173443665958e-02 6.951304561792916170e-02 6.695292896392532334e-02 6.469002781488160381e-02 6.268502448332032018e-02 6.089660599922143425e-02 5.928738369811147046e-02 5.782566049243688389e-02 5.648601011574388292e-02 5.524830181507735943e-02 5.409664600623180497e-02
7.233044231503119037e-02 6.940356636238390053e-02 6.676492856307471302e-02 6.444001756288389449e-02 6.238417455538335099e-02 6.055209465230981802e-02 5.890421246750617706e-02 5.740819450106052213e-02 5.603768626016185361e-02 5.477191332957299236e-02 5.359480566303063270e-02
7.233044534515321866e-02 6.929544217402416884e-02 6.658259160180948766e-02 6.419742527081470640e-02 6.209145270578159820e-02 6.021625865727772003e-02 5.853121728984207045e-02 5.700176936306965841e-02 5.560129660011181585e-02 5.430864414813559721e-02 5.310689756216678548e-02
7.233044107037912840e-02 6.919614270845246551e-02 6.640493403895178504e-02 6.396139636453508637e-02 6.180621287594440655e-02 5.988935932938405787e-02 5.816742452524648055e-02 5.660561166497508206e-02 5.517618484060976547e-02 5.385735676493497853e-02 5.263206312496090250e-02
7.233044374421600253e-02 6.909712817155251596e-02 6.623410585998662503e-02 6.373124643446348436e-02 6.152787360273739847e-02 5.957001878983891885e-02 5.781234147711523941e-02 5.621903759535883116e-02 5.476157097770399662e-02 5.341754273029994393e-02 5.216949827835555553e-02
7.233044416333642146e-02 6.899933577782564609e-02 6.606580269102146907e-02 6.350641143670089639e-02 6.125594989601224061e-02 5.925790225460553229e-02 5.746556002262450530e-02 5.584145211509233125e-02 5.435676018063191617e-02 5.298834357359605979e-02 5.171846079450021644e-02
7.233044247563835683e-02 6.890853087441090041e-02 6.590293837914433517e-02 6.328657918633708024e-02 6.098998835440354316e-02 5.895284265626996034e-02 5.712623730197444183e-02 5.547232706197631480e-02 5.396120550800924398e-02 5.256930250428012291e-02 5.127831051363683501e-02
7.233044263248890327e-02 6.881796920052528355e-02 6.574264478315837434e-02 6.307209282436203324e-02 6.072971111873079475e-02 5.865395504698937834e-02 5.679420454157819986e-02 5.511125676326066730e-02 5.357442648441921446e-02 5.215976460859738512e-02 5.084847631663070439e-02
7.233044362847058928e-02 6.872764258104344104e-02 6.558644702921065384e-02 6.286170346760690253e-02 6.047465486056664147e-02 5.836105984974754995e-02 5.646896582180647300e-02 5.475773027769240131e-02 5.319603412162494938e-02 5.175933775639957046e-02 5.042843520141396252e-02
7.233044208842484557e-02 6.864034528050103057e-02 6.543277608503378362e-02 6.265513667283348354e-02 6.022447745996447471e-02 5.807404743685294635e-02 5.615002378528082677e-02 5.441135973467898374e-02 5.282551738359642091e-02 5.136748671856544018e-02 5.001776685248918164e-02
7.233044396761416361e-02 6.855679758060057027e-02 6.528258403110369368e-02 6.245213577571901570e-02 5.997891175596483521e-02 5.779226996295805385e-02 5.583738975222411055e-02 5.407179728321135498e-02 5.246250355756464090e-02 5.098389318898872979e-02 4.961597606856872622e-02
7.233044133480327764e-02 6.847345572452413764e-02 6.513448570061070031e-02 6.225343787609391444e-02 5.973771431046445701e-02 5.751548130791288294e-02 5.553038701038966185e-02 5.373871929846410489e-02 5.210665067753084134e-02 5.060808495040468313e-02 4.922265471708406337e-02
7.233044089685028433e-02 6.839031938944514777e-02 6.498972780656941950e-02 6.205795307122562166e-02 5.950065302874307793e-02 5.724376821277946115e-02 5.522904573690499280e-02 5.341182766135069843e-02 5.175764329411904757e-02 5.023982679815680585e-02 4.883743964372998930e-02
7.233044252014722564e-02 6.830851525458407625e-02 6.484640553406972874e-02 6.186539519390280017e-02 5.926753870109565531e-02 5.697663258393111801e-02 5.493291326173536243e-02 5.309086137452717624e-02 5.141521547058032493e-02 4.987867966340942677e-02 4.846001110329238581e-02
7.233044024609876221e-02 6.823100614056754054e-02 6.470658391142571075e-02 6.167593266904011773e-02 5.903817967518277393e-02 5.671382872734104935e-02 5.464185908903556460e-02 5.277558193763461775e-02 5.107910016333750552e-02 4.952448463845185445e-02 4.809004984024924795e-02
7.233044150166921538e-02 6.815367526946596033e-02 6.456742268748487390e-02 6.148981269577046688e-02 5.881240245440610970e-02 5.645519953702345800e-02 5.435566321591284861e-02 5.246579947361050544e-02 5.074901162159981688e-02 4.917684211007526673e-02 4.772723742604446928e-02
7.233044240527586322e-02 6.807651721414814672e-02 6.443210556374942555e-02 6.130615798958082008e-02 5.859005736067815495e-02 5.620081723230240661e-02 5.407407826059430073e-02 5.216123745948601093e-02 5.042471653259485848e-02 4.883558658642219580e-02 4.737129655561831548e-02
7.233044479142200500e-02 6.799953546971204688e-02 6.429735078643923629e-02 6.112487641787851117e-02 5.837105618145486952e-02 5.595025442263480697e-02 5.379702747473367325e-02 5.186169652283445508e-02 5.010600020429385043e-02 4.850042338720430418e-02 4.702198548853547128e-02
7.233044538386761146e-02 6.792517002293513295e-02 6.416542761195975775e-02 6.094678664750895897e-02 5.815521558248089307e-02 5.570337357699237102e-02 5.352419533719735695e-02 5.156698985659771001e-02 4.979265889466916173e-02 4.817115590497032113e-02 4.667907388965141652e-02
7.233044502801137809e-02 6.785288675321911323e-02 6.403476213319557464e-02 6.077084641919806851e-02 5.794240584690251578e-02 5.546004399001037283e-02 5.325560100526534335e-02 5.127694806401701666e-02 4.948450146391573240e-02 4.784757927522428900e-02 4.634230895808449241e-02
7.233044455254657168e-02 6.778075536284577929e-02 6.390583186327553067e-02 6.059696119159187211e-02 5.773250611191989984e-02 5.522030365562341503e-02 5.299090512648489681e-02 5.099143702813892925e-02 4.918135064835091330e-02 4.752946503587313076e-02 4.601147643655617570e-02
7.233044553248473008e-02 6.770877963078733575e-02 6.377892737672702372e-02 6.042579611055887145e-02 5.752541142183068695e-02 5.498389331674611441e-02 5.273017348510008334e-02 5.071030956451333394e-02 4.888306223820812479e-02 4.721668744323305467e-02 4.568639696971735914e-02
