9.990000000000000616e-03 9.990000000000000616e-03 9.990000000000000616e-03 9.990000000000000616e-03 9.990000000000000616e-03 9.990000000000000616e-03 9.990000000000000616e-03 9.990000000000000616e-03 9.990000000000000616e-03 9.990000000000000616e-03 9.990000000000000616e-03
9.990000000000000616e-03 9.990000000000000616e-03 9.990000000000000616e-03 9.990000000000000616e-03 9.990000000000000616e-03 9.990000000000000616e-03 9.990000000000000616e-03 9.990000000000000616e-03 9.990000000000000616e-03 9.990000000000000616e-03 9.990000000000000616e-03
9.990000000000000616e-03 9.990000000000000616e-03 9.990000000000000616e-03 9.990000000000000616e-03 9.990000000000000616e-03 9.990000000000000616e-03 9.990000000000000616e-03 9.990000000000000616e-03 9.990000000000000616e-03 9.990000000000000616e-03 9.990000000000000616e-03
9.990000000000000616e-03 9.990000000000000616e-03 9.990000000000000616e-03 9.990000000000000616e-03 9.990000000000000616e-03 9.990000000000000616e-03 9.990000000000000616e-03 9.990000000000000616e-03 9.990000000000000616e-03 9.990000000000000616e-03 9.990000000000000616e-03
9.990000000000000616e-03 9.990000000000000616e-03 9.990000000000000616e-03 9.990000000000000616e-03 9.990000000000000616e-03 9.990000000000000616e-03 9.990000000000000616e-03 9.990000000000000616e-03 9.990000000000000616e-03 9.990000000000000616e-03 9.990000000000000616e-03
9.990000000000000616e-03 9.990000000000000616e-03 9.990000000000000616e-03 9.990000000000000616e-03 9.990000000000000616e-03 9.990000000000000616e-03 9.990000000000000616e-03 9.990000000000000616e-03 9.990000000000000616e-03 9.990000000000000616e-03 9.990000000000000616e-03
9.990000000000000616e-03 9.990000000000000616e-03 9.990000000000000616e-03 9.990000000000000616e-03 9.990000000000000616e-03 9.990000000000000616e-03 9.990000000000000616e-03 9.990000000000000616e-03 9.990000000000000616e-03 9.990000000000000616e-03 9.990000000000000616e-03
9.990000000000000616e-03 9.990000000000000616e-03 9.990000000000000616e-03 9.990000000000000616e-03 9.990000000000000616e-03 9.990000000000000616e-03 9.990000000000000616e-03 9.990000000000000616e-03 9.990000000000000616e-03 9.990000000000000616e-03 9.990000000000000616e-03
9.990000000000000616e-03 9.990000000000000616e-03 9.990000000000000616e-03 9.990000000000000616e-03 9.990000000000000616e-03 9.990000000000000616e-03 9.990000000000000616e-03 9.990000000000000616e-03 9.990000000000000616e-03 9.990000000000000616e-03 9.990000000000000616e-03
9.990000000000000616e-03 9.990000000000000616e-03 9.990000000000000616e-03 9.990000000000000616e-03 9.990000000000000616e-03 9.990000000000000616e-03 9.990000000000000616e-03 9.990000000000000616e-03 9.990000000000000616e-03 9.990000000000000616e-03 9.990000000000000616e-03
9.990000000000000616e-03 9.990000000000000616e-03 9.990000000000000616e-03 9.990000000000000616e-03 9.990000000000000616e-03 9.990000000000000616e-03 9.990000000000000616e-03 9.990000000000000616e-03 9.990000000000000616e-03 9.990000000000000616e-03 1.607305436241610819e+00
9.990000000000000616e-03 9.990000000000000616e-03 9.990000000000000616e-03 9.990000000000000616e-03 9.990000000000000616e-03 9.990000000000000616e-03 9.990000000000000616e-03 9.990000000000000616e-03 9.990000000000000616e-03 1.560325570469798695e+00 1.748245033557046968e+00
9.990000000000000616e-03 9.990000000000000616e-03 9.990000000000000616e-03 9.990000000000000616e-03 9.990000000000000616e-03 9.990000000000000616e-03 9.990000000000000616e-03 9.990000000000000616e-03 1.419385973154362324e+00 1.701265167785234844e+00 1.936164496644295241e+00
9.990000000000000616e-03 9.990000000000000616e-03 9.990000000000000616e-03 9.990000000000000616e-03 9.990000000000000616e-03 9.990000000000000616e-03 9.990000000000000616e-03 1.325426241610738298e+00 1.560325570469798695e+00 1.842204765100671215e+00 2.077104093959731390e+00
9.990000000000000616e-03 9.990000000000000616e-03 9.990000000000000616e-03 9.990000000000000616e-03 9.990000000000000616e-03 9.990000000000000616e-03 1.137506778523490025e+00 1.419385973154362324e+00 1.701265167785234844e+00 1.936164496644295241e+00 2.218043691275167539e+00
9.990000000000000616e-03 9.990000000000000616e-03 9.990000000000000616e-03 9.990000000000000616e-03 9.990000000000000616e-03 9.495873154362416413e-01 1.231466510067114051e+00 1.513345704697986571e+00 1.795224899328859092e+00 2.077104093959731390e+00 2.358983288590603689e+00
9.990000000000000616e-03 9.990000000000000616e-03 9.990000000000000616e-03 9.990000000000000616e-03 7.616678523489933683e-01 1.043547046979865778e+00 1.325426241610738298e+00 1.607305436241610819e+00 1.936164496644295241e+00 2.218043691275167539e+00 2.499922885906040282e+00
9.990000000000000616e-03 9.990000000000000616e-03 9.990000000000000616e-03 5.267685234899329716e-01 8.086477181208054921e-01 1.090526912751677902e+00 1.419385973154362324e+00 1.748245033557046968e+00 2.030124228187919044e+00 2.358983288590603689e+00 2.640862483221476431e+00
9.990000000000000616e-03 9.990000000000000616e-03 2.918691946308725194e-01 5.737483892617450953e-01 8.556275838926175048e-01 1.184486644295301927e+00 1.513345704697986571e+00 1.842204765100671215e+00 2.171063825503355638e+00 2.452943020134227936e+00 2.781802080536912580e+00
9.990000000000000616e-03 1.039497315436241631e-01 3.388490604026845876e-01 6.207282550335571081e-01 9.495873154362416413e-01 1.278446375838926174e+00 1.607305436241610819e+00 1.936164496644295241e+00 2.265023557046979885e+00 2.593882617449664085e+00 2.922741677852348730e+00
9.990000000000000616e-03 1.509295973154362591e-01 3.858289261744966558e-01 6.677081208053692318e-01 9.965671812080537650e-01 1.325426241610738298e+00 1.654285302013422720e+00 2.030124228187919044e+00 2.358983288590603689e+00 2.687842348993288333e+00 3.063681275167784879e+00
9.990000000000000616e-03 1.979094630872483274e-01 4.328087919463087241e-01 7.146879865771812446e-01 1.043547046979865778e+00 1.372406107382550422e+00 1.748245033557046968e+00 2.124083959731543292e+00 2.452943020134227936e+00 2.828781946308724482e+00 3.204620872483221472e+00
9.990000000000000616e-03 1.979094630872483274e-01 4.328087919463087241e-01 7.616678523489933683e-01 1.090526912751677902e+00 1.466365838926174447e+00 1.842204765100671215e+00 2.218043691275167539e+00 2.593882617449664085e+00 2.969721543624161075e+00 3.298580604026845275e+00
9.990000000000000616e-03 1.979094630872483274e-01 4.797886577181207923e-01 8.086477181208054921e-01 1.137506778523490025e+00 1.513345704697986571e+00 1.889184630872483117e+00 2.312003422818791787e+00 2.687842348993288333e+00 3.063681275167784879e+00 3.439520201342281869e+00
9.990000000000000616e-03 2.448893288590603956e-01 5.267685234899329716e-01 8.556275838926175048e-01 1.184486644295301927e+00 1.607305436241610819e+00 1.983144362416107365e+00 2.405963154362416034e+00 2.781802080536912580e+00 3.204620872483221472e+00 3.580459798657718018e+00
9.990000000000000616e-03 2.448893288590603956e-01 5.267685234899329716e-01 8.556275838926175048e-01 1.231466510067114051e+00 1.654285302013422720e+00 2.077104093959731390e+00 2.452943020134227936e+00 2.875761812080536828e+00 3.298580604026845275e+00 3.721399395973154167e+00
9.990000000000000616e-03 2.448893288590603956e-01 5.737483892617450953e-01 9.026074496644296286e-01 1.325426241610738298e+00 1.701265167785234844e+00 2.124083959731543292e+00 2.546902751677852184e+00 3.016701409395972977e+00 3.439520201342281869e+00 3.862338993288590316e+00
9.990000000000000616e-03 2.448893288590603956e-01 5.737483892617450953e-01 9.495873154362416413e-01 1.372406107382550422e+00 1.795224899328859092e+00 2.218043691275167539e+00 2.640862483221476431e+00 3.110661140939597225e+00 3.533479932885905672e+00 4.003278590604027798e+00
9.990000000000000616e-03 2.918691946308725194e-01 6.207282550335571081e-01 9.965671812080537650e-01 1.419385973154362324e+00 1.842204765100671215e+00 2.265023557046979885e+00 2.734822214765100679e+00 3.204620872483221472e+00 3.674419530201342265e+00 4.097238322147651601e+00
9.990000000000000616e-03 2.918691946308725194e-01 6.207282550335571081e-01 1.043547046979865778e+00 1.466365838926174447e+00 1.889184630872483117e+00 2.358983288590603689e+00 2.828781946308724482e+00 3.298580604026845275e+00 3.768379261744966069e+00 4.238177919463087306e+00
9.990000000000000616e-03 2.918691946308725194e-01 6.677081208053692318e-01 1.043547046979865778e+00 1.513345704697986571e+00 1.936164496644295241e+00 2.452943020134227936e+00 2.922741677852348730e+00 3.392540335570469523e+00 3.909318859060402662e+00 4.379117516778523900e+00
9.990000000000000616e-03 2.918691946308725194e-01 6.677081208053692318e-01 1.090526912751677902e+00 1.560325570469798695e+00 2.030124228187919044e+00 2.499922885906040282e+00 3.016701409395972977e+00 3.486500067114093770e+00 4.003278590604027798e+00 4.520057114093960493e+00
9.990000000000000616e-03 3.388490604026845876e-01 7.146879865771812446e-01 1.137506778523490025e+00 1.607305436241610819e+00 2.077104093959731390e+00 2.593882617449664085e+00 3.110661140939597225e+00 3.627439664429529920e+00 4.097238322147651601e+00 4.614016845637584296e+00
9.990000000000000616e-03 3.388490604026845876e-01 7.146879865771812446e-01 1.137506778523490025e+00 1.654285302013422720e+00 2.124083959731543292e+00 2.640862483221476431e+00 3.157641006711409126e+00 3.721399395973154167e+00 4.238177919463087306e+00 4.754956442953020890e+00
9.990000000000000616e-03 3.388490604026845876e-01 7.616678523489933683e-01 1.184486644295301927e+00 1.701265167785234844e+00 2.218043691275167539e+00 2.734822214765100679e+00 3.251600738255033374e+00 3.815359127516778415e+00 4.332137651006711998e+00 4.895896040268456595e+00
9.990000000000000616e-03 3.388490604026845876e-01 7.616678523489933683e-01 1.231466510067114051e+00 1.748245033557046968e+00 2.265023557046979885e+00 2.781802080536912580e+00 3.345560469798657621e+00 3.909318859060402662e+00 4.473077248322147703e+00 5.036835637583893188e+00
9.990000000000000616e-03 3.388490604026845876e-01 7.616678523489933683e-01 1.278446375838926174e+00 1.748245033557046968e+00 2.312003422818791787e+00 2.875761812080536828e+00 3.439520201342281869e+00 4.003278590604027798e+00 4.567036979865772395e+00 5.130795369127516992e+00
9.990000000000000616e-03 3.858289261744966558e-01 8.086477181208054921e-01 1.278446375838926174e+00 1.795224899328859092e+00 2.358983288590603689e+00 2.922741677852348730e+00 3.533479932885905672e+00 4.097238322147651601e+00 4.707976577181208100e+00 5.271734966442953585e+00
9.990000000000000616e-03 3.858289261744966558e-01 8.086477181208054921e-01 1.325426241610738298e+00 1.842204765100671215e+00 2.405963154362416034e+00 3.016701409395972977e+00 3.627439664429529920e+00 4.191198053691275405e+00 4.801936308724832791e+00 5.412674563758389290e+00
9.990000000000000616e-03 3.858289261744966558e-01 8.556275838926175048e-01 1.372406107382550422e+00 1.889184630872483117e+00 2.499922885906040282e+00 3.063681275167784879e+00 3.674419530201342265e+00 4.285157785234899208e+00 4.942875906040268497e+00 5.553614161073825883e+00
9.990000000000000616e-03 3.858289261744966558e-01 8.556275838926175048e-01 1.372406107382550422e+00 1.936164496644295241e+00 2.546902751677852184e+00 3.157641006711409126e+00 3.768379261744966069e+00 4.426097382550335801e+00 5.036835637583893188e+00 5.647573892617449687e+00
