9.990000000000000616e-03 9.990000000000000616e-03 9.990000000000000616e-03 9.990000000000000616e-03 9.990000000000000616e-03 9.990000000000000616e-03 9.990000000000000616e-03 9.990000000000000616e-03 9.990000000000000616e-03 9.990000000000000616e-03 9.990000000000000616e-03
9.990000000000000616e-03 9.990000000000000616e-03 9.990000000000000616e-03 9.990000000000000616e-03 9.990000000000000616e-03 9.990000000000000616e-03 9.990000000000000616e-03 9.990000000000000616e-03 9.990000000000000616e-03 9.990000000000000616e-03 9.990000000000000616e-03
9.990000000000000616e-03 9.990000000000000616e-03 9.990000000000000616e-03 9.990000000000000616e-03 9.990000000000000616e-03 9.990000000000000616e-03 9.990000000000000616e-03 9.990000000000000616e-03 9.990000000000000616e-03 9.990000000000000616e-03 9.990000000000000616e-03
9.990000000000000616e-03 9.990000000000000616e-03 9.990000000000000616e-03 9.990000000000000616e-03 9.990000000000000616e-03 9.990000000000000616e-03 9.990000000000000616e-03 9.990000000000000616e-03 9.990000000000000616e-03 9.990000000000000616e-03 9.990000000000000616e-03
1.200999000000000017e+01 9.990000000000000616e-03 9.990000000000000616e-03 9.990000000000000616e-03 9.990000000000000616e-03 9.990000000000000616e-03 9.990000000000000616e-03 9.990000000000000616e-03 9.990000000000000616e-03 9.990000000000000616e-03 9.990000000000000616e-03
1.200999000000000017e+01 9.990000000000000616e-03 9.990000000000000616e-03 9.990000000000000616e-03 9.990000000000000616e-03 9.990000000000000616e-03 9.990000000000000616e-03 9.990000000000000616e-03 9.990000000000000616e-03 9.990000000000000616e-03 9.990000000000000616e-03
1.600999000000000194e+01 1.600999000000000194e+01 9.990000000000000616e-03 9.990000000000000616e-03 9.990000000000000616e-03 9.990000000000000616e-03 9.990000000000000616e-03 9.990000000000000616e-03 9.990000000000000616e-03 9.990000000000000616e-03 9.990000000000000616e-03
1.600999000000000194e+01 1.600999000000000194e+01 9.990000000000000616e-03 9.990000000000000616e-03 9.990000000000000616e-03 9.990000000000000616e-03 9.990000000000000616e-03 9.990000000000000616e-03 9.990000000000000616e-03 9.990000000000000616e-03 9.990000000000000616e-03
2.000999000000000194e+01 2.000999000000000194e+01 2.000999000000000194e+01 9.990000000000000616e-03 9.990000000000000616e-03 9.990000000000000616e-03 9.990000000000000616e-03 9.990000000000000616e-03 9.990000000000000616e-03 9.990000000000000616e-03 9.990000000000000616e-03
2.000999000000000194e+01 2.400999000000000194e+01 2.400999000000000194e+01 9.990000000000000616e-03 9.990000000000000616e-03 9.990000000000000616e-03 9.990000000000000616e-03 9.990000000000000616e-03 9.990000000000000616e-03 9.990000000000000616e-03 9.990000000000000616e-03
2.400999000000000194e+01 2.400999000000000194e+01 2.800999000000000194e+01 9.990000000000000616e-03 9.990000000000000616e-03 9.990000000000000616e-03 9.990000000000000616e-03 9.990000000000000616e-03 9.990000000000000616e-03 9.990000000000000616e-03 9.990000000000000616e-03
