1.601000000000000156e+01 4.009999999999999787e+00 2.001000000000000156e+01 3.200999999999999801e+01 2.401000000000000156e+01 2.401000000000000156e+01 3.600999999999999801e+01 2.001000000000000156e+01 8.009999999999999787e+00 1.000000000000000021e-02 4.009999999999999787e+00
2.001000000000000156e+01 2.001000000000000156e+01 2.401000000000000156e+01 2.401000000000000156e+01 2.401000000000000156e+01 2.401000000000000156e+01 2.401000000000000156e+01 2.401000000000000156e+01 2.401000000000000156e+01 2.401000000000000156e+01 2.401000000000000156e+01
2.401000000000000156e+01 2.401000000000000156e+01 2.401000000000000156e+01 2.401000000000000156e+01 2.401000000000000156e+01 2.401000000000000156e+01 2.401000000000000156e+01 2.401000000000000156e+01 2.401000000000000156e+01 2.401000000000000156e+01 2.401000000000000156e+01
2.001000000000000156e+01 2.401000000000000156e+01 2.401000000000000156e+01 2.401000000000000156e+01 2.401000000000000156e+01 2.401000000000000156e+01 2.401000000000000156e+01 2.401000000000000156e+01 2.401000000000000156e+01 2.401000000000000156e+01 2.401000000000000156e+01
2.401000000000000156e+01 2.401000000000000156e+01 2.401000000000000156e+01 2.401000000000000156e+01 2.401000000000000156e+01 2.401000000000000156e+01 2.401000000000000156e+01 2.401000000000000156e+01 2.401000000000000156e+01 2.401000000000000156e+01 2.401000000000000156e+01
1.000000000000000021e-02 2.001000000000000156e+01 2.401000000000000156e+01 2.401000000000000156e+01 2.401000000000000156e+01 2.401000000000000156e+01 2.401000000000000156e+01 2.401000000000000156e+01 2.401000000000000156e+01 2.401000000000000156e+01 2.401000000000000156e+01
2.001000000000000156e+01 3.600999999999999801e+01 2.401000000000000156e+01 2.401000000000000156e+01 2.401000000000000156e+01 2.401000000000000156e+01 2.401000000000000156e+01 2.401000000000000156e+01 2.401000000000000156e+01 2.401000000000000156e+01 2.401000000000000156e+01
1.000000000000000021e-02 2.801000000000000156e+01 2.001000000000000156e+01 2.401000000000000156e+01 2.401000000000000156e+01 2.401000000000000156e+01 2.401000000000000156e+01 2.401000000000000156e+01 2.401000000000000156e+01 2.401000000000000156e+01 2.401000000000000156e+01
8.009999999999999787e+00 2.401000000000000156e+01 3.600999999999999801e+01 2.401000000000000156e+01 2.401000000000000156e+01 2.401000000000000156e+01 2.401000000000000156e+01 2.401000000000000156e+01 2.401000000000000156e+01 2.401000000000000156e+01 2.401000000000000156e+01
4.009999999999999787e+00 1.200999999999999979e+01 4.009999999999999787e+00 2.401000000000000156e+01 2.401000000000000156e+01 2.401000000000000156e+01 2.401000000000000156e+01 2.401000000000000156e+01 2.401000000000000156e+01 2.401000000000000156e+01 2.401000000000000156e+01
2.801000000000000156e+01 8.009999999999999787e+00 2.001000000000000156e+01 2.001000000000000156e+01 2.001000000000000156e+01 2.001000000000000156e+01 2.001000000000000156e+01 2.001000000000000156e+01 2.001000000000000156e+01 2.001000000000000156e+01 2.001000000000000156e+01
