9.990000000000000616e-03 9.990000000000000616e-03 9.990000000000000616e-03 9.990000000000000616e-03 9.990000000000000616e-03 9.990000000000000616e-03 9.990000000000000616e-03 9.990000000000000616e-03 9.990000000000000616e-03 9.990000000000000616e-03 9.990000000000000616e-03
9.990000000000000616e-03 9.990000000000000616e-03 9.990000000000000616e-03 9.990000000000000616e-03 9.990000000000000616e-03 9.990000000000000616e-03 9.990000000000000616e-03 9.990000000000000616e-03 9.990000000000000616e-03 9.990000000000000616e-03 9.990000000000000616e-03
9.990000000000000616e-03 9.990000000000000616e-03 9.990000000000000616e-03 9.990000000000000616e-03 9.990000000000000616e-03 9.990000000000000616e-03 9.990000000000000616e-03 9.990000000000000616e-03 9.990000000000000616e-03 9.990000000000000616e-03 9.990000000000000616e-03
5.343323333333333203e+00 9.990000000000000616e-03 9.990000000000000616e-03 9.990000000000000616e-03 9.990000000000000616e-03 9.990000000000000616e-03 9.990000000000000616e-03 9.990000000000000616e-03 9.990000000000000616e-03 9.990000000000000616e-03 9.990000000000000616e-03
5.343323333333333203e+00 9.990000000000000616e-03 9.990000000000000616e-03 9.990000000000000616e-03 9.990000000000000616e-03 9.990000000000000616e-03 9.990000000000000616e-03 9.990000000000000616e-03 9.990000000000000616e-03 9.990000000000000616e-03 9.990000000000000616e-03
5.343323333333333203e+00 8.009990000000000165e+00 9.990000000000000616e-03 9.990000000000000616e-03 9.990000000000000616e-03 9.990000000000000616e-03 9.990000000000000616e-03 9.990000000000000616e-03 9.990000000000000616e-03 9.990000000000000616e-03 9.990000000000000616e-03
8.009990000000000165e+00 8.009990000000000165e+00 9.990000000000000616e-03 9.990000000000000616e-03 9.990000000000000616e-03 9.990000000000000616e-03 9.990000000000000616e-03 9.990000000000000616e-03 9.990000000000000616e-03 9.990000000000000616e-03 9.990000000000000616e-03
8.009990000000000165e+00 1.067665666666666624e+01 9.990000000000000616e-03 9.990000000000000616e-03 9.990000000000000616e-03 9.990000000000000616e-03 9.990000000000000616e-03 9.990000000000000616e-03 9.990000000000000616e-03 9.990000000000000616e-03 9.990000000000000616e-03
1.067665666666666624e+01 1.067665666666666624e+01 1.067665666666666624e+01 9.990000000000000616e-03 9.990000000000000616e-03 9.990000000000000616e-03 9.990000000000000616e-03 9.990000000000000616e-03 9.990000000000000616e-03 9.990000000000000616e-03 9.990000000000000616e-03
1.067665666666666624e+01 1.067665666666666624e+01 1.334332333333333231e+01 9.990000000000000616e-03 9.990000000000000616e-03 9.990000000000000616e-03 9.990000000000000616e-03 9.990000000000000616e-03 9.990000000000000616e-03 9.990000000000000616e-03 9.990000000000000616e-03
1.067665666666666624e+01 1.334332333333333231e+01 1.334332333333333231e+01 9.990000000000000616e-03 9.990000000000000616e-03 9.990000000000000616e-03 9.990000000000000616e-03 9.990000000000000616e-03 9.990000000000000616e-03 9.990000000000000616e-03 9.990000000000000616e-03
