9.990000000000000616e-03 9.990000000000000616e-03 9.990000000000000616e-03 9.990000000000000616e-03 9.990000000000000616e-03 9.990000000000000616e-03 9.990000000000000616e-03 9.990000000000000616e-03 9.990000000000000616e-03 9.990000000000000616e-03 9.990000000000000616e-03
9.990000000000000616e-03 9.990000000000000616e-03 9.990000000000000616e-03 9.990000000000000616e-03 9.990000000000000616e-03 9.990000000000000616e-03 9.990000000000000616e-03 9.990000000000000616e-03 9.990000000000000616e-03 9.990000000000000616e-03 9.990000000000000616e-03
9.990000000000000616e-03 9.990000000000000616e-03 9.990000000000000616e-03 9.990000000000000616e-03 9.990000000000000616e-03 9.990000000000000616e-03 9.990000000000000616e-03 9.990000000000000616e-03 9.990000000000000616e-03 9.990000000000000616e-03 9.990000000000000616e-03
9.990000000000000616e-03 9.990000000000000616e-03 9.990000000000000616e-03 9.990000000000000616e-03 9.990000000000000616e-03 9.990000000000000616e-03 9.990000000000000616e-03 9.990000000000000616e-03 9.990000000000000616e-03 9.990000000000000616e-03 9.990000000000000616e-03
9.990000000000000616e-03 9.990000000000000616e-03 9.990000000000000616e-03 9.990000000000000616e-03 9.990000000000000616e-03 9.990000000000000616e-03 9.990000000000000616e-03 9.990000000000000616e-03 9.990000000000000616e-03 9.990000000000000616e-03 9.990000000000000616e-03
9.990000000000000616e-03 9.990000000000000616e-03 9.990000000000000616e-03 9.990000000000000616e-03 9.990000000000000616e-03 9.990000000000000616e-03 9.990000000000000616e-03 9.990000000000000616e-03 9.990000000000000616e-03 9.990000000000000616e-03 9.990000000000000616e-03
9.990000000000000616e-03 9.990000000000000616e-03 9.990000000000000616e-03 9.990000000000000616e-03 9.990000000000000616e-03 9.990000000000000616e-03 9.990000000000000616e-03 9.990000000000000616e-03 9.990000000000000616e-03 9.990000000000000616e-03 9.990000000000000616e-03
9.990000000000000616e-03 9.990000000000000616e-03 9.990000000000000616e-03 5.787767777777777845e+00 8.676656666666666240e+00 8.676656666666666240e+00 1.156554555555555552e+01 1.445443444444444481e+01 1.445443444444444481e+01 1.734332333333333409e+01 1.734332333333333409e+01
9.990000000000000616e-03 9.990000000000000616e-03 5.787767777777777845e+00 8.676656666666666240e+00 8.676656666666666240e+00 1.156554555555555552e+01 1.445443444444444481e+01 1.445443444444444481e+01 1.734332333333333409e+01 2.023221222222222337e+01 2.023221222222222337e+01
9.990000000000000616e-03 9.990000000000000616e-03 5.787767777777777845e+00 8.676656666666666240e+00 1.156554555555555552e+01 1.156554555555555552e+01 1.445443444444444481e+01 1.734332333333333409e+01 2.023221222222222337e+01 2.023221222222222337e+01 2.312110111111111266e+01
9.990000000000000616e-03 9.990000000000000616e-03 5.787767777777777845e+00 8.676656666666666240e+00 1.156554555555555552e+01 1.445443444444444481e+01 1.734332333333333409e+01 1.734332333333333409e+01 2.023221222222222337e+01 2.312110111111111266e+01 2.600999000000000194e+01
