0.000000000000000000e+00 0.000000000000000000e+00 0.000000000000000000e+00 0.000000000000000000e+00 0.000000000000000000e+00 0.000000000000000000e+00 0.000000000000000000e+00 0.000000000000000000e+00 0.000000000000000000e+00 0.000000000000000000e+00 0.000000000000000000e+00
1.111111111111111154e-02 1.111111111111111154e-02 1.111111111111111154e-02 1.111111111111111154e-02 1.111111111111111154e-02 1.111111111111111154e-02 1.111111111111111154e-02 1.111111111111111154e-02 1.111111111111111154e-02 1.111111111111111154e-02 1.111111111111111154e-02
1.111111111111111154e-02 1.111111111111111154e-02 1.111111111111111154e-02 1.111111111111111154e-02 1.111111111111111154e-02 1.111111111111111154e-02 1.111111111111111154e-02 1.111111111111111154e-02 1.111111111111111154e-02 1.111111111111111154e-02 1.111111111111111154e-02
2.222222222222222307e-02 2.222222222222222307e-02 2.222222222222222307e-02 2.222222222222222307e-02 2.222222222222222307e-02 2.222222222222222307e-02 2.222222222222222307e-02 2.222222222222222307e-02 2.222222222222222307e-02 2.222222222222222307e-02 2.222222222222222307e-02
0.000000000000000000e+00 2.222222222222222307e-02 2.222222222222222307e-02 2.222222222222222307e-02 2.222222222222222307e-02 2.222222222222222307e-02 2.222222222222222307e-02 2.222222222222222307e-02 2.222222222222222307e-02 2.222222222222222307e-02 2.222222222222222307e-02
0.000000000000000000e+00 3.333333333333333287e-02 3.333333333333333287e-02 3.333333333333333287e-02 3.333333333333333287e-02 3.333333333333333287e-02 3.333333333333333287e-02 3.333333333333333287e-02 3.333333333333333287e-02 3.333333333333333287e-02 3.333333333333333287e-02
0.000000000000000000e+00 0.000000000000000000e+00 3.333333333333333287e-02 3.333333333333333287e-02 3.333333333333333287e-02 3.333333333333333287e-02 3.333333333333333287e-02 3.333333333333333287e-02 3.333333333333333287e-02 3.333333333333333287e-02 3.333333333333333287e-02
0.000000000000000000e+00 0.000000000000000000e+00 4.444444444444444614e-02 4.444444444444444614e-02 4.444444444444444614e-02 4.444444444444444614e-02 4.444444444444444614e-02 4.444444444444444614e-02 4.444444444444444614e-02 4.444444444444444614e-02 3.333333333333333287e-02
0.000000000000000000e+00 0.000000000000000000e+00 0.000000000000000000e+00 4.444444444444444614e-02 4.444444444444444614e-02 4.444444444444444614e-02 4.444444444444444614e-02 4.444444444444444614e-02 4.444444444444444614e-02 4.444444444444444614e-02 4.444444444444444614e-02
0.000000000000000000e+00 0.000000000000000000e+00 0.000000000000000000e+00 4.444444444444444614e-02 4.444444444444444614e-02 4.444444444444444614e-02 4.444444444444444614e-02 4.444444444444444614e-02 4.444444444444444614e-02 4.444444444444444614e-02 4.444444444444444614e-02
0.000000000000000000e+00 0.000000000000000000e+00 0.000000000000000000e+00 5.555555555555555941e-02 5.555555555555555941e-02 5.555555555555555941e-02 5.555555555555555941e-02 5.555555555555555941e-02 5.555555555555555941e-02 5.555555555555555941e-02 5.555555555555555941e-02
