7.233044092978851980e-02 7.233044434630341024e-02 7.233043818417397852e-02 7.233044448126839387e-02 7.233044387134038300e-02 7.233044498140760170e-02 7.233044519758186075e-02 7.233044232434809873e-02 7.233044408374647571e-02 7.233044570667332418e-02 7.233044161279310325e-02 7.233043711670544829e-02 7.233042577340051404e-02 7.233044515634655391e-02 7.233044567826603377e-02 7.233043986889492460e-02 7.233044565598893694e-02 7.233044532504305513e-02 7.233044251150076709e-02 7.233044520328206495e-02 7.233044574915654945e-02
7.233043554741293291e-02 7.171317067378686627e-02 7.110131060480974485e-02 7.049978984298206630e-02 6.990837176606760905e-02 6.932679085998058599e-02 6.875479804582310117e-02 6.819218114265528097e-02 6.779931219040694068e-02 6.746924740844702229e-02 6.715961420845067975e-02 6.686099425411556885e-02 6.656949041860824035e-02 6.628322074753360826e-02 6.600140000365264936e-02 6.572358305850761750e-02 6.544943247467410741e-02 6.517858109190800830e-02 6.491100091368137703e-02 6.464645233495149024e-02 6.438479896771935607e-02
7.233043664092302094e-02 7.110636134115715101e-02 6.991325091675948400e-02 6.875952720939049190e-02 6.764325692122480360e-02 6.656265454280232974e-02 6.551603228968271020e-02 6.472131326015109765e-02 6.406655573693985362e-02 6.348436969306514577e-02 6.294149130620367572e-02 6.242139308896686029e-02 6.191714715062703739e-02 6.142557184470936321e-02 6.094482720655308716e-02 6.047405166577896063e-02 6.001245607205515226e-02 5.955956577239772398e-02 5.911490101804701275e-02 5.867813184522333719e-02 5.824885901308780173e-02
7.233043380288005364e-02 7.050972190376486592e-02 6.876424787953101803e-02 6.710310110193130895e-02 6.552032158990656052e-02 6.401048707164823381e-02 6.265876273960628573e-02 6.164777066794254606e-02 6.081018023428129415e-02 6.004705464438658824e-02 5.932848720520043223e-02 5.863965902240710071e-02 5.797426569640230787e-02 5.732906043260586199e-02 5.670203122282574393e-02 5.609180859404305081e-02 5.549720016103285719e-02 5.491735283146384483e-02 5.435139461740989136e-02 5.379864899208017248e-02 5.325846359400216584e-02
7.233043785935802661e-02 6.992301712419433934e-02 6.765240205665394579e-02 6.552459612448900683e-02 6.352658295209662187e-02 6.164680215646744371e-02 6.008162927975593121e-02 5.890345253485246985e-02 5.790493310537347255e-02 5.699425573810108780e-02 5.613564726001062793e-02 5.531574756764007922e-02 5.452785954821378483e-02 5.376819540658901719e-02 5.303410594362147068e-02 5.232361158750434976e-02 5.163499370615927397e-02 5.096687909511361109e-02 5.031810673083394331e-02 4.968772701343370651e-02 4.907456922510830544e-02
7.233044149270281831e-02 6.934598437214044286e-02 6.657593165839072180e-02 6.401866823364356363e-02 6.165059542583681274e-02 5.945146362995991363e-02 5.780654692495183766e-02 5.646014005805340130e-02 5.530465252992791680e-02 5.427075620501057435e-02 5.330228147214754325e-02 5.238237804374177436e-02 5.150280495153430893e-02 5.065874202320110042e-02 4.984696627649003869e-02 4.906483064235112046e-02 4.831022377116735156e-02 4.758124052950898908e-02 4.687632543737028923e-02 4.619397551362630638e-02 4.553307663762026086e-02
7.233043296225261098e-02 6.877841896135931943e-02 6.553318980467739974e-02 6.258039477985737065e-02 6.005653772430875198e-02 5.799227925825462676e-02 5.637832467304181722e-02 5.484757359692057910e-02 5.339586631345650397e-02 5.213812233117849637e-02 5.094046620575356371e-02 4.979654884862776132e-02 4.881339645313823028e-02 4.790475017782364064e-02 4.703475852355256531e-02 4.620018731705755749e-02 4.539827522953578803e-02 4.462678713506511990e-02 4.388358807723551774e-02 4.316718136236404046e-02 4.247558516316152222e-02
7.233042865661200305e-02 6.822005295891157839e-02 6.452260420821274989e-02 6.137426304673876398e-02 5.888281798769166159e-02 5.681936120910668214e-02 5.501897495768184876e-02 5.332454912397315699e-02 5.186443589073617272e-02 5.048703108967204922e-02 4.918338165086773295e-02 4.800373667280690565e-02 4.687933813412582112e-02 4.580721043929880665e-02 4.481416902749160713e-02 4.386328686976657260e-02 4.295190971378852474e-02 4.209572124313031016e-02 4.127369047331964913e-02 4.052642556098360466e-02 3.981653349635643629e-02
7.233043504965135095e-02 6.767068792212493911e-02 6.354270545944584736e-02 6.050744778200705526e-02 5.779872159215632826e-02 5.569293968753778745e-02 5.372364284924691785e-02 5.199634557771291854e-02 5.042067603576624868e-02 4.894839048900966050e-02 4.761749599078073103e-02 4.635703130366831265e-02 4.518084481761273918e-02 4.407982292603303959e-02 4.303117994877047464e-02 4.204940226782317297e-02 4.111458526610066444e-02 4.022253718182564747e-02 3.937979274681246283e-02 3.857163160047605982e-02 3.780009111601896621e-02
7.233043568455248262e-02 6.713009666088723404e-02 6.285175883307038414e-02 5.966477019716646263e-02 5.689704092510449590e-02 5.461031926146116960e-02 5.253921224066988166e-02 5.073801800432719417e-02 4.905666943770835287e-02 4.755808180775013966e-02 4.614823723151238732e-02 4.484766142781394793e-02 4.363067174649042784e-02 4.248564920457465616e-02 4.141529293623490843e-02 4.039753789408906393e-02 3.944253313351447909e-02 3.853281338143526441e-02 3.766945752898284011e-02 3.684875892400952396e-02 3.606381627235617088e-02
7.233044112612618814e-02 6.659808043141299261e-02 6.230746251710674727e-02 5.884524131975629735e-02 5.602305119739414002e-02 5.356898913811853485e-02 5.145276857672843873e-02 4.953914983635146485e-02 4.782296614223616876e-02 4.624457251521822687e-02 4.479497830210838610e-02 4.344994979008622721e-02 4.219638879242151169e-02 4.102629126363760426e-02 3.992507606615298271e-02 3.889236786932051548e-02 3.791372532607569651e-02 3.699234734637649874e-02 3.611469668887341833e-02 3.528559308701921526e-02 3.449369673753393400e-02
7.233043662098255500e-02 6.607442342662717127e-02 6.177251391892363969e-02 5.804792020448910905e-02 5.517550117419225963e-02 5.259634227633838699e-02 5.041036943596532288e-02 4.842289402244191049e-02 4.664978148344488262e-02 4.502079055068686914e-02 4.353105222618569581e-02 4.214983382559770592e-02 4.086907788079441328e-02 3.967303317045774852e-02 3.855404706369455758e-02 3.750304039742267947e-02 3.651348694922987304e-02 3.557967803956256503e-02 3.469618091092876305e-02 3.385917999739403855e-02 3.306418301122407422e-02
7.233043784111378716e-02 6.555893870655664368e-02 6.124666400299076663e-02 5.737185271822217020e-02 5.435322375953995089e-02 5.170719028671391659e-02 4.940935602719351283e-02 4.738012002561473729e-02 4.553356098391096035e-02 4.387690526092509480e-02 4.234438890698689895e-02 4.093837303467123823e-02 3.963197121841934706e-02 3.841686319130807603e-02 3.728290644459372749e-02 3.621839982785195200e-02 3.522096473196996425e-02 3.427862515001182248e-02 3.339190769779254442e-02 3.255108494200827096e-02 3.175545745107541395e-02
7.233043664677311912e-02 6.513264374158651837e-02 6.072969755036526640e-02 5.674187601702980477e-02 5.355509134951953049e-02 5.084759962650629850e-02 4.846559315455114397e-02 4.638131682686894713e-02 4.450023344638302791e-02 4.278970997577630914e-02 4.123649200215193794e-02 3.980059878397919360e-02 3.847657614028385242e-02 3.724672967342956137e-02 3.609844495606048115e-02 3.502835387523488969e-02 3.402248715719579514e-02 3.307802258404183432e-02 3.218791482569865331e-02 3.134657565797326767e-02 3.055195909650233743e-02
7.233043341430030193e-02 6.490704239718703139e-02 6.022138603985856958e-02 5.612557595959144496e-02 5.278006102381812420e-02 5.001612093243947704e-02 4.758192925152655850e-02 4.542463603736855704e-02 4.351276077988577851e-02 4.177352400038779334e-02 4.018509599628514173e-02 3.873502268347384092e-02 3.739343379063957140e-02 3.615017498909843530e-02 3.499648226529879225e-02 3.391804275277871678e-02 3.290922527345449544e-02 3.196328036693849711e-02 3.107247588902473795e-02 3.023341006069763665e-02 2.944082304523325602e-02
7.233043197533198243e-02 6.468300452610679929e-02 5.972150751779732591e-02 5.552252507884673782e-02 5.208098630717921534e-02 4.921140139761190357e-02 4.672991746590320072e-02 4.453278522662855454e-02 4.256820432118431363e-02 4.080716537756137047e-02 3.920029553915902604e-02 3.772739752117935941e-02 3.637507782333340711e-02 3.512447494261719538e-02 3.396252047876685554e-02 3.288114170813023762e-02 3.187154450195280042e-02 3.092500628944393898e-02 3.003611894064250193e-02 2.920023053050669476e-02 2.841132612226049750e-02
7.233043368689699715e-02 6.446049972687192819e-02 5.922986448033349532e-02 5.493229613407043382e-02 5.140552014186468982e-02 4.844257552013758045e-02 4.590787854289381936e-02 4.367528695390136134e-02 4.168226341146788472e-02 3.988736831713562969e-02 3.826332325696991249e-02 3.677967362412041391e-02 3.541587657549591373e-02 3.415708309097669620e-02 3.299305776590280570e-02 3.191042925894620880e-02 3.090028475072799027e-02 2.995543378765330722e-02 2.907048795897931859e-02 2.823837158826890750e-02 2.745438397204595649e-02
7.233044301616246841e-02 6.423952961843468201e-02 5.874624811819969400e-02 5.435447431695134002e-02 5.074734564729310032e-02 4.772142419164435156e-02 4.512020860634308878e-02 4.285018739756097511e-02 4.083243790262649359e-02 3.901866091200886788e-02 3.737600874268803136e-02 3.587887957733306571e-02 3.450940788227298966e-02 3.324785423088934960e-02 3.208089636408303913e-02 3.099771622765193357e-02 2.998950947688176771e-02 2.904866796599985326e-02 2.816753056593907303e-02 2.734040018443832307e-02 2.656230087658135314e-02
7.233044524582313284e-02 6.402006376261375198e-02 5.827046527535763992e-02 5.378869350709178376e-02 5.010581724245880691e-02 4.702142646361607420e-02 4.437574774818068418e-02 4.206412259644121132e-02 4.001658421224203038e-02 3.818698858030865340e-02 3.653310989652298890e-02 3.502851105473193255e-02 3.365219471175399935e-02 3.238719988949718270e-02 3.121979579096670690e-02 3.013911689259416229e-02 2.913429046156239613e-02 2.819727064997456720e-02 2.732114167694928500e-02 2.649993050224157959e-02 2.572862154642240745e-02
7.233043998728402868e-02 6.380208413208358909e-02 5.780233067289301113e-02 5.323456885761033291e-02 4.948030266522294301e-02 4.634167064917180112e-02 4.365545613346360349e-02 4.131384471857582619e-02 3.924410825807108510e-02 3.739497910492158711e-02 3.572881051738457242e-02 3.421752205682410120e-02 3.283876714560522714e-02 3.157361218545957915e-02 3.040774561508921905e-02 2.932927100250196095e-02 2.832823131205732328e-02 2.739620802160239177e-02 2.652599584281382927e-02 2.571157596676793347e-02 2.494751033663593007e-02
7.233044481261878544e-02 6.358560292842875550e-02 5.741795390063481747e-02 5.269174231394839480e-02 4.887021404416272419e-02 4.568128570452091586e-02 4.295817380228385274e-02 4.058986894415190366e-02 3.850122788193752893e-02 3.663920822467271743e-02 3.496482292396212860e-02 3.344844091247620166e-02 3.206691948525152575e-02 3.080178018828927389e-02 2.963801986187003870e-02 2.856326382732705949e-02 2.756717188784692241e-02 2.664123112252107448e-02 2.577781637905854351e-02 2.497052180757802428e-02 2.421387439527796989e-02
