9.990000000000000616e-03 9.990000000000000616e-03 9.990000000000000616e-03 9.990000000000000616e-03 9.990000000000000616e-03 9.990000000000000616e-03 9.990000000000000616e-03 9.990000000000000616e-03 9.990000000000000616e-03 9.990000000000000616e-03 9.990000000000000616e-03
9.990000000000000616e-03 9.990000000000000616e-03 9.990000000000000616e-03 9.990000000000000616e-03 9.990000000000000616e-03 9.990000000000000616e-03 9.990000000000000616e-03 9.990000000000000616e-03 9.990000000000000616e-03 9.990000000000000616e-03 9.990000000000000616e-03
9.990000000000000616e-03 9.990000000000000616e-03 9.990000000000000616e-03 9.990000000000000616e-03 9.990000000000000616e-03 9.990000000000000616e-03 9.990000000000000616e-03 9.990000000000000616e-03 9.990000000000000616e-03 9.990000000000000616e-03 9.990000000000000616e-03
9.990000000000000616e-03 9.990000000000000616e-03 9.990000000000000616e-03 2.787767777777777400e+00 2.787767777777777400e+00 5.565545555555555524e+00 9.990000000000000616e-03 9.990000000000000616e-03 9.990000000000000616e-03 9.990000000000000616e-03 9.990000000000000616e-03
9.990000000000000616e-03 9.990000000000000616e-03 2.787767777777777400e+00 2.787767777777777400e+00 5.565545555555555524e+00 5.565545555555555524e+00 5.565545555555555524e+00 8.343323333333332315e+00 8.343323333333332315e+00 8.343323333333332315e+00 1.112110111111111088e+01
9.990000000000000616e-03 9.990000000000000616e-03 2.787767777777777400e+00 2.787767777777777400e+00 5.565545555555555524e+00 5.565545555555555524e+00 8.343323333333332315e+00 8.343323333333332315e+00 1.112110111111111088e+01 1.112110111111111088e+01 1.112110111111111088e+01
9.990000000000000616e-03 2.787767777777777400e+00 2.787767777777777400e+00 5.565545555555555524e+00 5.565545555555555524e+00 8.343323333333332315e+00 8.343323333333332315e+00 1.112110111111111088e+01 1.112110111111111088e+01 1.389887888888888945e+01 1.389887888888888945e+01
9.990000000000000616e-03 2.787767777777777400e+00 2.787767777777777400e+00 5.565545555555555524e+00 5.565545555555555524e+00 8.343323333333332315e+00 1.112110111111111088e+01 1.112110111111111088e+01 1.389887888888888945e+01 1.667665666666666624e+01 1.667665666666666624e+01
9.990000000000000616e-03 2.787767777777777400e+00 2.787767777777777400e+00 5.565545555555555524e+00 8.343323333333332315e+00 1.112110111111111088e+01 1.112110111111111088e+01 1.389887888888888945e+01 1.667665666666666624e+01 1.667665666666666624e+01 1.945443444444444481e+01
9.990000000000000616e-03 2.787767777777777400e+00 5.565545555555555524e+00 5.565545555555555524e+00 8.343323333333332315e+00 1.112110111111111088e+01 1.389887888888888945e+01 1.389887888888888945e+01 1.667665666666666624e+01 1.945443444444444481e+01 2.223221222222222337e+01
9.990000000000000616e-03 2.787767777777777400e+00 5.565545555555555524e+00 8.343323333333332315e+00 8.343323333333332315e+00 1.112110111111111088e+01 1.389887888888888945e+01 1.667665666666666624e+01 1.945443444444444481e+01 2.223221222222222337e+01 2.500999000000000194e+01
