5.909001375093296815e+00
5.854328307321581271e+00
5.855763328833341497e+00
5.713257071080705352e+00
5.647620143631470135e+00
5.593083011386016601e+00
5.528990620870206207e+00
5.466068006327021500e+00
5.411334115326757122e+00
5.357679512076725992e+00
5.294938480311461859e+00
5.233177103931862639e+00
5.172198419444034911e+00
5.118969067370236381e+00
5.066708800169404725e+00
5.006644779871854745e+00
4.947449689074334245e+00
4.896269077177348272e+00
4.838039628851957374e+00
4.787935869849503590e+00
4.730736328883987873e+00
4.674353472967395007e+00
4.618761766858433759e+00
4.570295484134179631e+00
4.515795515735961274e+00
4.462073170410945089e+00
4.409111823278993647e+00
4.356898923591500328e+00
4.310573267992629631e+00
4.259475508516957554e+00
4.209103153204873493e+00
4.164400647302981540e+00
4.115135372884332732e+00
4.066571194266902722e+00
4.018690411904739967e+00
3.971477123980734270e+00
3.924913757832339201e+00
3.878987617132485077e+00
3.833682215028046514e+00
3.788983554988828217e+00
3.748285130682149635e+00
3.704604700773002079e+00
3.661505976143644592e+00
3.618975955890268548e+00
3.580130424707328896e+00
3.538568475006150571e+00
3.497550704713705993e+00
3.460073714587416305e+00
3.419986112480687179e+00
3.380419036404257227e+00
3.341361235451528522e+00
3.302802039607307449e+00
3.264731276074678945e+00
3.227139406066710681e+00
3.190017082210337307e+00
3.153355539834299837e+00
3.117146340678141225e+00
3.081381371097853261e+00
3.046052940625561423e+00
3.011153663500301114e+00
2.976676428842855771e+00
2.944629986986674552e+00
2.910926601578587736e+00
2.879621161910054017e+00
2.846677753106065190e+00
2.814122857064945915e+00
2.781957478244684090e+00
2.750175582022144738e+00
2.718771234184558683e+00
2.687738717846759773e+00
2.657072523523897001e+00
2.626767345008350851e+00
2.596817974097570314e+00
2.567219391359693237e+00
2.537966698530152776e+00
2.509055145351966942e+00
2.480480110617270473e+00
2.452237069557972937e+00
2.424321675890403149e+00
2.396729608959272007e+00
2.369456619910426109e+00
2.343941388267503534e+00
2.318723714515197099e+00
2.292338270466281802e+00
2.267693686328787095e+00
2.241890680957022042e+00
2.217804066331605206e+00
2.192569968880189624e+00
2.169044693911236887e+00
2.144365858640356670e+00
2.119971709654936198e+00
2.097235502487913905e+00
2.074758225591413652e+00
2.051151957083902300e+00
2.029179030257934002e+00
2.007456563168190655e+00
1.984625704992258655e+00
1.963391592105226735e+00
1.941059818642406620e+00
1.918986079672476697e+00
1.897166211227337973e+00
1.876870415334600084e+00
1.855527786691234304e+00
1.834431452934557782e+00
1.814812343372435688e+00
1.795416803606386669e+00
1.774994526445039300e+00
1.754808946312652385e+00
1.736058799372351968e+00
1.716312361437847711e+00
1.696793243265525497e+00
1.678666840209281919e+00
1.659573820167047353e+00
1.640702368791876919e+00
1.622046876304117591e+00
1.603606161368365868e+00
1.585377524928118786e+00
1.567357759942646922e+00
1.550603374629448084e+00
1.532978272591160041e+00
1.515554161005593148e+00
1.499356457942037979e+00
1.483340263013334326e+00
1.467505308955467047e+00
1.451851284710915069e+00
1.435332288986135962e+00
1.420029209539995563e+00
1.403868442436020603e+00
1.387894644995736115e+00
1.372105818342194361e+00
1.357472408269761122e+00
1.342026703542417598e+00
1.326759741952483473e+00
1.311669162243447539e+00
1.296753323320405160e+00
1.282009889931002178e+00
1.267436111594185011e+00
1.253905222419923415e+00
1.240527038954700512e+00
1.226417939626051945e+00
1.213338629766587129e+00
1.199535823522498879e+00
1.185894250336291700e+00
1.173248539203598284e+00
1.159903141849188302e+00
1.146712318060104874e+00
1.133676768250849065e+00
1.120789133322741327e+00
1.108832543914954449e+00
1.096226074080326240e+00
1.083764590637812164e+00
1.071447289933717517e+00
1.060016601385349588e+00
1.047967802216845490e+00
1.036058289663234211e+00
1.025007100799939952e+00
1.014080628961278929e+00
1.003278836604910351e+00
9.918680433571156474e-01
9.813084827252940290e-01
9.701463904567678709e-01
9.591135367920229360e-01
9.489043204389390196e-01
9.388133682203209096e-01
9.281324519753365587e-01
9.175769281989341053e-01
9.071429747906384344e-01
8.968304928817927291e-01
8.872873084717466385e-01
8.771996468898974886e-01
8.678706747685311917e-01
8.580024317998149463e-01
8.482496833049245621e-01
8.392302842302648003e-01
8.296902071193551498e-01
8.202614740680724825e-01
8.115415975348552191e-01
8.023183857822281384e-01
7.932035517802957791e-01
7.847733352952317443e-01
7.764411872027802142e-01
7.682072156100948623e-01
7.594701064349177466e-01
7.508359005941497299e-01
7.423065994040446425e-01
7.338746021555052623e-01
7.260870054118691019e-01
7.178391852038454868e-01
7.096886331353311483e-01
7.016333240315441033e-01
6.936736052699119526e-01
6.863096642258178504e-01
6.785221615769504444e-01
6.713236094751425798e-01
6.637081334693595291e-01
6.561811666426223821e-01
6.487412924240557599e-01
6.413882446204411947e-01
6.341215451258935820e-01
6.269381499899151500e-01
6.198382108920785782e-01
6.128201206378364185e-01
6.058829216132531892e-01
5.990262548824989430e-01
5.922482093095208233e-01
5.855487051761855133e-01
5.789264410853371956e-01
5.723807586831612948e-01
5.663067832254117251e-01
5.599048920353321135e-01
5.535776136300490924e-01
5.473220583456646082e-01
5.411387443632389438e-01
5.350264830704637431e-01
5.289846448140340662e-01
5.230122101723008177e-01
5.171083213664751099e-01
5.112721749908715196e-01
5.055036828120310632e-01
4.998010322501773572e-01
4.941639037451325267e-01
4.885917187527820671e-01
4.830833061828141983e-01
4.776393350211671773e-01
4.722567291702076120e-01
4.669355705237172027e-01
4.619981334360831471e-01
4.567960499854613610e-01
4.519691270245834169e-01
4.471954511917444752e-01
4.424744736386399535e-01
4.374954831199281968e-01
4.328802501047587237e-01
4.283159570064761779e-01
4.234986940682528012e-01
4.187364696907459050e-01
4.140292144300665722e-01
4.093767184340126875e-01
4.047782049153939021e-01
4.002318320129981677e-01
3.957385595363544506e-01
3.912966621706483461e-01
3.869058908970628985e-01
3.825670647283711534e-01
3.782771554995432162e-01
3.740365726406059688e-01
3.698449912224585079e-01
3.659604662196425107e-01
3.618615957750866974e-01
3.578106184479242224e-01
3.538066197036678906e-01
3.498491538046102356e-01
3.459371621619329318e-01
3.423110040702544987e-01
3.384847842455632194e-01
3.347034197997681981e-01
3.309654105562088167e-01
3.272715921943222805e-01
3.238473889716300125e-01
3.204619062156313092e-01
3.171146177746205219e-01
3.138051401247196615e-01
3.105329884511887073e-01
3.070711772634273640e-01
3.038728966033547585e-01
3.004874438171775686e-01
2.971412196259534677e-01
2.938339669449261948e-01
2.907792536854250098e-01
2.877589042608864056e-01
2.845589864270728353e-01
2.813966901099111961e-01
2.782705645537607575e-01
2.751805659303611096e-01
2.721270059809624553e-01
2.691083189530832920e-01
2.661246943338609339e-01
2.631757165761446915e-01
2.602609439805411706e-01
2.573799800255884285e-01
2.547185896837422248e-01
2.519016634190986981e-01
2.491171724199936488e-01
2.463653512987203920e-01
2.436451936968545007e-01
2.409567373660355949e-01
2.383002306283517890e-01
2.358439663866678249e-01
2.332454940237694008e-01
2.308452465295652567e-01
2.283041469577277438e-01
2.257927308056053017e-01
2.233113520441507294e-01
2.208589422477971187e-01
2.184344238554344897e-01
2.161932623739748482e-01
2.139781981000730970e-01
2.116318001227014411e-01
2.093133638909871752e-01
2.070218209022720024e-01
2.047571635866153594e-01
2.025190034829870978e-01
2.003066628429995555e-01
1.981204233574501150e-01
1.959594183998089600e-01
1.938237316260568721e-01
1.917131129382622923e-01
1.896270107091126977e-01
1.875652728088551824e-01
1.855276707217246857e-01
1.836389767575331566e-01
1.817724997710068180e-01
1.799279827980174162e-01
1.781052456401795436e-01
1.761748693431421653e-01
1.742668279816504961e-01
1.725059353608653367e-01
1.706399514892999458e-01
1.687957302601227616e-01
1.670946452760176670e-01
1.652914901251880397e-01
1.635094207501143482e-01
1.618660494520857696e-01
1.602422428144009148e-01
1.585168602100077151e-01
1.568117953841869361e-01
1.552431866692532136e-01
1.535755221823901784e-01
1.519272506789755561e-01
1.504119994060071908e-01
1.488003557534144650e-01
1.472074146085281254e-01
1.456331285437834910e-01
1.440776584619119782e-01
1.425406181503848513e-01
1.411254407469377525e-01
1.396221502354509370e-01
1.382396466014609027e-01
1.367689391168268043e-01
1.353154481261633901e-01
1.338793028837845234e-01
1.324600430366787429e-01
1.310575523457334080e-01
1.296714346927212158e-01
1.283015105653882992e-01
1.270387631395004657e-01
1.256989573896809265e-01
1.243749361993378572e-01
1.230664218794572662e-01
1.217733808092145292e-01
1.205804428121832056e-01
1.194020724188661481e-01
1.181503858137170765e-01
1.169134452028392918e-01
1.156909594876080888e-01
1.145652340352851517e-01
1.134533179970660249e-01
1.123550570969580192e-01
1.112702174558846263e-01
1.101107671214707762e-01
1.090510929782130545e-01
1.080042946071712445e-01
1.068817026177947271e-01
1.057725419532866834e-01
1.047613372295978784e-01
1.036762761591595861e-01
1.026039797225011124e-01
1.015440722006114987e-01
1.004968005951070859e-01
9.946191667857512408e-02
9.843919040284236643e-02
9.742852197493159783e-02
9.642979043450014554e-02
9.544306197009622128e-02
9.446806653092590378e-02
9.350460071871112555e-02
9.262086032012796510e-02
9.167825803960305553e-02
9.081511717818913088e-02
8.996271230758284831e-02
8.912088885405261562e-02
8.821720901581764362e-02
8.732427436183304303e-02
8.644206712712358687e-02
8.563783451946373193e-02
8.477457949583987185e-02
8.398909859127513811e-02
8.314461542516773940e-02
8.231008773132801604e-02
8.148554304456770425e-02
8.067059465420807485e-02
7.986528735361267395e-02
7.906947971128433506e-02
7.834348396083244681e-02
7.756496758949120440e-02
7.679583223316011065e-02
7.603575180910257525e-02
7.534211477513866329e-02
7.459853367074635588e-02
7.386378817237995720e-02
7.313759043099271606e-02
7.247481262767907495e-02
7.176430058067045925e-02
7.106233071538914370e-02
7.042209580736159824e-02
6.973522666769656209e-02
6.905666302192328687e-02
6.838600229152284882e-02
6.772336552641324003e-02
6.706852703882300315e-02
6.642145129822982219e-02
6.582933000596442874e-02
6.519622648178305391e-02
6.457060881262453866e-02
6.399860441111540621e-02
6.338649544400914992e-02
6.282790678308995680e-02
6.227648012019443985e-02
6.168355576161335674e-02
6.109768983063135900e-02
6.051885337664843906e-02
5.994672681139387449e-02
5.938135684261384301e-02
5.886566544485361679e-02
5.831257935448989210e-02
5.776599777773433475e-02
5.722587339137905071e-02
5.669213019220022826e-02
5.620457059156308555e-02
5.568231407824538598e-02
5.516633210227875339e-02
5.465641087231504214e-02
5.415252750844384150e-02
5.369152370863625873e-02
5.319846655378013267e-02
5.271125646976676515e-02
5.222982523638482200e-02
5.175411427800000186e-02
5.128404568766132404e-02
5.081947036959087727e-02
5.036041727703397669e-02
4.990676496382134841e-02
4.945848254571325736e-02
4.901548164125310580e-02
4.857776555911487437e-02
4.817328894093252795e-02
4.774498121645068954e-02
4.732171582443493035e-02
4.693089516944762285e-02
4.651681076563235484e-02
4.613513690724879712e-02
4.572990029503069820e-02
4.532952012276822429e-02
4.496073507149612319e-02
4.459676033343332874e-02
4.420873674264107905e-02
4.382531548833668716e-02
4.347364239361417582e-02
4.309842696039057480e-02
4.272764754131730403e-02
4.238785947294573808e-02
4.202505834173541482e-02
4.166659462962089833e-02
4.131228886748801454e-02
4.098742195101112012e-02
4.064070662970833969e-02
4.029811088160422522e-02
3.995954628872271791e-02
3.964893929031388514e-02
3.931760702479914632e-02
3.899020778597611647e-02
3.866665764041787162e-02
3.834693451980289436e-02
3.805305287955969978e-02
3.774016190173398733e-02
3.745319656652778412e-02
3.714698385024244043e-02
3.684440105994121056e-02
3.654542425914324155e-02
3.624994149858969117e-02
3.595799131760564482e-02
3.566944130467897961e-02
3.540352788226143466e-02
3.512113220627467031e-02
3.484206131287978514e-02
3.456628291104676953e-02
3.429373702198703494e-02
3.402440275739779252e-02
3.377538746346130105e-02
3.351184869107505515e-02
3.325140605969874319e-02
3.299397543642737518e-02
3.273956394914444984e-02
3.250389622280824148e-02
3.227130703179368482e-02
3.202474370170979578e-02
3.178107857567254863e-02
3.154027516930563851e-02
3.131781956841968306e-02
3.109829936918852983e-02
3.088170092529695515e-02
3.065050486152964479e-02
3.042202920215041767e-02
3.019625601019973113e-02
2.997314680880899807e-02
2.975265765361803302e-02
2.953482114160237842e-02
2.933397609629675995e-02
2.912070031349592303e-02
2.892456275883825700e-02
2.873104854736496100e-02
2.852426355677503342e-02
2.833530730951861268e-02
2.814890691495737160e-02
2.796504134011913376e-02
2.778367840670833630e-02
2.758683094433764249e-02
2.740974913173166091e-02
2.721701956491641081e-02
2.704412581335622831e-02
2.685543837063448375e-02
2.666898500166507702e-02
2.650189136988627750e-02
2.631932488908136913e-02
2.613892422461978199e-02
2.596068895977865845e-02
2.578454595058058199e-02
2.562631112067709910e-02
2.545384729672243301e-02
2.528341239905769824e-02
2.511500502604834331e-02
2.496361464658305301e-02
2.479872125118867329e-02
2.463577122507564637e-02
2.448944952632258268e-02
2.434512908320802735e-02
2.418702078169521208e-02
2.403079035841294148e-02
2.387639640814736425e-02
2.372383069282521864e-02
2.357307873560043898e-02
2.342409992344945610e-02
2.327692758743087412e-02
2.313145748538581598e-02
2.298769869195876892e-02
2.285770645527234260e-02
2.271693973328653415e-02
2.257784631822479932e-02
2.244039223903831343e-02
2.230456204442334694e-02
2.217031481622253053e-02
2.204837087261466225e-02
2.191691718680416345e-02
2.179785056711934163e-02
2.168042657257825134e-02
2.155284920856068501e-02
2.142677803106083842e-02
2.131326350399599320e-02
2.120131936551967675e-02
2.107895539250909459e-02
2.095803740979503352e-02
2.083854554760994696e-02
2.073139736111450152e-02
2.061437886130287195e-02
2.049873115404616045e-02
2.038445574461787008e-02
2.027152594545516759e-02
2.016997150052047064e-02
2.005938370260619205e-02
1.995008074182764643e-02
1.985189539939951481e-02
1.974483669143396736e-02
1.963905943281634217e-02
1.954413131584779861e-02
1.944050148395374752e-02
1.933809700160067993e-02
1.923690039170594321e-02
1.913688496925436411e-02
1.903805388039497143e-02
1.894893956179586128e-02
1.885213216414001816e-02
1.875646308920500202e-02
1.866192452023444914e-02
1.856849002628320477e-02
1.847615169207001209e-02
1.839247889405481659e-02
1.830203575841295865e-02
1.821265414335435442e-02
1.812433433595526944e-02
1.803702973071775323e-02
1.795074536671995707e-02
1.787217252656022465e-02
1.778765453817275979e-02
1.771092303069398549e-02
1.762813653268097136e-02
1.755320603045357891e-02
1.747210751049316918e-02
1.739197415460473975e-02
1.731276459305244528e-02
1.723447060026704961e-02
1.715712861136329051e-02
1.708674409598427354e-02
1.701096523441517766e-02
1.694222836758706163e-02
1.686799294905565530e-02
1.680086668415917833e-02
1.672813589608361518e-02
1.665625853360373429e-02
1.659133569570722666e-02
1.652732437852418371e-02
1.645751537597514233e-02
1.638850824582356244e-02
1.632030660436848551e-02
1.625898574112999082e-02
1.619217940014315224e-02
1.613229816749905607e-02
1.606682508165579656e-02
1.600212135499370567e-02
1.594420277232536792e-02
1.588710333113951129e-02
1.582423771413584215e-02
1.576211183906294985e-02
1.570688204361269172e-02
1.564599335712209272e-02
1.559205981338384304e-02
1.553239951877319162e-02
1.547343737072354522e-02
1.541518331070883957e-02
1.535760670537608674e-02
1.530641622396432602e-02
1.524997926388538261e-02
1.519420174475876600e-02
1.514468299442347371e-02
1.509001835208130179e-02
1.503599341068321410e-02
1.498260298014051674e-02
1.492984816189961081e-02
1.487770437387425648e-02
1.482616297310738844e-02
1.477521709544965187e-02
1.472951436955747227e-02
1.467958479881580069e-02
1.463023800676241555e-02
1.458602105408205417e-02
1.454243200604125874e-02
1.449447293013583771e-02
1.444707195336532128e-02
1.440022021306543686e-02
1.435391648875085704e-02
1.431252358366888293e-02
1.426713970613820159e-02
1.422671435630468856e-02
1.418686548148262623e-02
1.414758394365618448e-02
1.410886118988795290e-02
1.406546355147197079e-02
1.402764279654585521e-02
1.398510001522588510e-02
1.394815689674663850e-02
1.390645461481081376e-02
1.386524046334360050e-02
1.382450218397910172e-02
1.378423989063554296e-02
1.374444456535228731e-02
1.370511654784942711e-02
1.366623726971607188e-02
1.362781456909225794e-02
1.358983775252063826e-02
1.355230292856336553e-02
1.351911281248143609e-02
1.348639626040769313e-02
1.345414502474186202e-02
1.342234822254111809e-02
1.338643351964806903e-02
1.335093532776540637e-02
1.332016209303796099e-02
1.328536014432156638e-02
1.325529665656740783e-02
1.322564650711881284e-02
1.319639635387139485e-02
1.316753027109566522e-02
1.313423142933092466e-02
1.310131293478636848e-02
1.307337005757469063e-02
1.304577992882502945e-02
1.301378687222833931e-02
1.298680578041936165e-02
1.296014279597786263e-02
1.293377928835055639e-02
1.290769567208943473e-02
1.288187072801256529e-02
1.285160353790008522e-02
1.282167550583465133e-02
1.279207013198581031e-02
1.276733017734675221e-02
1.274282483845664594e-02
1.271409087909403102e-02
1.268566698861792186e-02
1.265754919779092311e-02
1.263407559044028156e-02
1.261081288239434064e-02
1.258774447968371950e-02
1.256072634925303917e-02
1.253399591031957062e-02
1.251164176232203232e-02
1.248945903610799123e-02
1.246353449261972460e-02
1.243787952399546225e-02
1.241249767930664195e-02
1.238738561165146634e-02
1.236639278762622675e-02
1.234179839085434126e-02
1.231746025209488893e-02
1.229337774521414503e-02
1.226955195976320995e-02
1.224598173656270446e-02
1.222266508703964867e-02
1.219960015239922833e-02
1.217678500883519546e-02
1.215779158425896178e-02
1.213543331800175616e-02
1.211331460741318228e-02
1.209143670346705425e-02
1.206979706583066053e-02
1.204839443873451446e-02
1.203058306491038357e-02
1.200960175236722750e-02
1.198884873483700535e-02
1.196832506553564650e-02
1.194802406349205343e-02
1.192794837207449173e-02
1.190809391871533451e-02
1.189154388948092042e-02
1.187207492227603314e-02
1.185282094814910266e-02
1.183678415228995098e-02
1.181790476403129717e-02
1.179923446331097164e-02
1.178076923921604797e-02
1.176250885674987728e-02
1.174445131910133167e-02
1.172937558245643573e-02
1.171166383656855117e-02
1.169690816443052887e-02
1.167953960078711370e-02
1.166236299829382685e-02
1.164537619411447518e-02
1.162857802215844921e-02
1.161196617578900969e-02
1.159554003715641129e-02
1.157929720558212305e-02
1.156323624900516996e-02
1.154974871821956399e-02
1.153642756926649519e-02
1.152079820813545034e-02
1.150776301785436280e-02
1.149243180668098330e-02
1.147967315742324905e-02
1.146463473564021847e-02
1.144976281716746785e-02
1.143739653348382034e-02
1.142280859441893552e-02
1.140838088733309857e-02
1.139411377516294510e-02
1.138224466021795639e-02
1.137050798020824115e-02
1.135662721777149289e-02
1.134289767710035778e-02
1.133151936394753354e-02
1.131805233255631961e-02
1.130690833934039526e-02
1.129369977669722989e-02
1.128063430355397828e-02
1.126770999077866819e-02
1.125701467954389606e-02
1.124433747226015988e-02
1.123179761255886991e-02
1.121939383342514945e-02
1.120712491170650776e-02
1.119696106194963472e-02
1.118492557221722854e-02
1.117301888259418681e-02
1.116124476041465557e-02
1.114959767358664200e-02
1.113807832934433396e-02
1.112668644029005983e-02
1.111541910680935788e-02
1.110427683708603563e-02
1.109497234074094570e-02
1.108403585890107602e-02
1.107493040058723545e-02
1.106593220094125030e-02
1.105528600200777860e-02
1.104647520591284411e-02
1.103775981819277163e-02
1.102740057976146597e-02
1.101715191803490784e-02
1.100701295870770355e-02
1.099698492219209484e-02
1.098706479127362079e-02
1.097885785167871872e-02
1.096912275083330654e-02
1.095949290703757996e-02
1.094996786012926611e-02
1.094054588358852644e-02
1.093122694250483681e-02
1.092349102731862871e-02
1.091584482149861486e-02
1.090677033904705572e-02
1.089928172586892598e-02
1.089037678033961953e-02
1.088304067820449784e-02
1.087577885442456149e-02
1.086711438997639036e-02
1.085854046948635417e-02
1.085005756938526439e-02
1.084166571192300352e-02
1.083336224942492952e-02
1.082652484995238681e-02
1.081837813457323973e-02
1.081031617766502022e-02
1.080234075361204658e-02
1.079445074021460199e-02
1.078664700585562838e-02
1.078020165466682563e-02
1.077382735735970057e-02
1.076751884188449117e-02
1.076127063948429004e-02
1.075379581886867601e-02
1.074639848333332724e-02
1.073908033825758494e-02
1.073183784661175394e-02
1.072467144792814409e-02
1.071878885319950056e-02
1.071296304979638819e-02
1.070718888908291089e-02
1.070027543656626272e-02
1.069343138681269449e-02
1.068665933387926911e-02
1.067995638370779904e-02
1.067332300024273137e-02
1.066788952527095505e-02
1.066138011881843928e-02
1.065493773877781124e-02
1.064856362731897259e-02
1.064334177209132030e-02
1.063708471663598991e-02
1.063089270851570213e-02
1.062476528885768733e-02
1.061870248931761490e-02
1.061270357447244121e-02
1.060778191536876185e-02
1.060290968092566198e-02
1.059706764580088494e-02
1.059128659800543173e-02
1.058655635043397915e-02
1.058088201739146826e-02
1.057624252007214986e-02
1.057164354982422817e-02
1.056708107735372833e-02
1.056255155179277629e-02
1.055712693868350073e-02
1.055175652511989789e-02
1.054643938068028364e-02
1.054117518293445736e-02
1.053687078065068845e-02
1.053170536822667890e-02
1.052659143201690323e-02
1.052152887557321163e-02
1.051739224554532927e-02
1.051328533944815256e-02
1.050836169081775795e-02
1.050348744930704008e-02
1.049866087874569247e-02
1.049388206454717094e-02
1.048915144188082051e-02
1.048446798905919471e-02
1.048064624200461918e-02
1.047604978670516919e-02
1.047149920398694409e-02
1.046699516477353660e-02
1.046253604020086145e-02
1.045812236658659466e-02
1.045375319604140499e-02
1.045018925918939252e-02
1.044665641810706147e-02
1.044315163981263117e-02
1.043893427113574100e-02
1.043549223765994488e-02
1.043135297804037229e-02
1.042797156543224558e-02
1.042390899910502697e-02
1.041988662104231279e-02
1.041590396499835446e-02
1.041196049199542666e-02
1.040805585911060843e-02
1.040418977854778125e-02
1.040036254879467791e-02
1.039657372255339135e-02
1.039282332094414868e-02
1.038911086510248445e-02
1.038543613296512118e-02
1.038179869698796845e-02
1.037819876518994607e-02
1.037525970786716371e-02
1.037172431453198956e-02
1.036822430517853229e-02
1.036536869756904573e-02
1.036193104078132754e-02
1.035852831829547037e-02
1.035575363452308564e-02
1.035241170824251385e-02
1.034910342541394031e-02
1.034582897627094218e-02
1.034258800504243847e-02
1.033994130840355970e-02
1.033675723565726477e-02
1.033416151230735769e-02
1.033159062085223408e-02
1.032848723654114856e-02
1.032541507465097909e-02
1.032237379287994847e-02
1.031936350830086647e-02
1.031638365536883574e-02
1.031343405396314278e-02
1.031102711081403021e-02
1.030864415488557881e-02
1.030576816839124873e-02
1.030292103104480002e-02
1.030010275355803390e-02
1.029780807834964652e-02
1.029503906653369237e-02
1.029278754286116690e-02
1.029006744068120330e-02
1.028737437148263302e-02
1.028470833213989723e-02
1.028206937282121099e-02
1.027945695864588595e-02
1.027687108198296374e-02
1.027431176129802413e-02
1.027177848454274844e-02
1.026970526865389477e-02
1.026721558333726705e-02
1.026475169099259552e-02
1.026273643641395852e-02
1.026074266849681497e-02
1.025876872943495659e-02
1.025638217615886666e-02
1.025401936073005484e-02
1.025168042324553150e-02
1.024936493765885373e-02
1.024707283033593659e-02
1.024480372183082452e-02
1.024295213519645087e-02
1.024111968786050805e-02
1.023890568553116262e-02
1.023671420600879602e-02
1.023493236309601373e-02
1.023277837001833855e-02
1.023102964006841233e-02
1.022929666619319666e-02
1.022719619802909576e-02
1.022549421995853913e-02
1.022380539959301220e-02
1.022175849439535544e-02
1.021973153085632691e-02
1.021772368438984141e-02
1.021573521026969932e-02
1.021376596746602534e-02
1.021181611745849115e-02
1.020988519039992687e-02
1.020797318263548005e-02
1.020608035574567009e-02
1.020420604145296124e-02
1.020235080456134702e-02
1.020084128690034418e-02
1.019934659434826481e-02
1.019786544466804758e-02
1.019639650165150326e-02
1.019461343201529500e-02
1.019284752958823231e-02
1.019109859363037489e-02
1.018968306023890560e-02
1.018796446203847766e-02
1.018626234707807957e-02
1.018488492940031881e-02
1.018321216275202418e-02
1.018155560932896761e-02
1.017991487135676970e-02
1.017829001338599847e-02
1.017668083387522800e-02
1.017508758432353506e-02
1.017350977499113275e-02
1.017194761033082470e-02
1.017040071217975225e-02
1.016914338350611950e-02
1.016789833092456366e-02
1.016638826633278932e-02
1.016489291429663148e-02
1.016368135780821788e-02
