8.560640617594312829e+00
9.130428473832356673e+00
9.461822675844345554e+00
9.695470815560113920e+00
9.872239181356961879e+00
1.001306572159558606e+01
1.012966176838258114e+01
1.022881995531825794e+01
1.031472198484797431e+01
1.039014342047904016e+01
1.045706320971810754e+01
1.051697157219928869e+01
1.057103093484886713e+01
1.062016643003577343e+01
1.066512216739846153e+01
1.070650004999141558e+01
1.074478877988693171e+01
1.078038719738247408e+01
1.081361975293186184e+01
1.084475547876759549e+01
1.087401672337723646e+01
1.090158939987140307e+01
1.092763049603469483e+01
1.095227400006917229e+01
1.097563555591485951e+01
1.099781610525150377e+01
1.101890471744466637e+01
1.103898078977773167e+01
1.105811575017261994e+01
1.107637437898177524e+01
1.109381583324714526e+01
1.111049444602827307e+01
1.112646035235265884e+01
1.114175998500155629e+01
1.115643647104579728e+01
1.117052994980037717e+01
1.118407784023638385e+01
1.119711506043914362e+01
1.120967421596771629e+01
1.122178576460156307e+01
1.123347816039565394e+01
1.124477798385828820e+01
1.125571006019828069e+01
1.126629756742645405e+01
1.127656213835466303e+01
1.128652395412768250e+01
1.129620183410500900e+01
1.130561331704342187e+01
1.131477474217305002e+01
1.132370132201663004e+01
1.133240721532207651e+01
1.134090558926680536e+01
1.134920868846045572e+01
1.135732789166111267e+01
1.136527376946528278e+01
1.137305613650459613e+01
1.138068409973430484e+01
1.138816611523368572e+01
1.139551001986068002e+01
1.140272308016333724e+01
1.140981203176560754e+01
1.141678311329832063e+01
1.142364211065854462e+01
1.143039437516550194e+01
1.143704486295039047e+01
1.144359816182657497e+01
1.145005851737052005e+01
1.145642985785408463e+01
1.146271581742514734e+01
1.146891975769253946e+01
1.147504478789605997e+01
1.148109378368340039e+01
1.148706940413398137e+01
1.149297410898628868e+01
1.149881017302562825e+01
1.150457970100166349e+01
1.151028463855474371e+01
1.151592678651755008e+01
1.152150781252820266e+01
1.152702925843484216e+01
1.153249278263795929e+01
1.153789945217014790e+01
1.154325048894226313e+01
1.154854703586559417e+01
1.155379014875358479e+01
1.155898064039701367e+01
1.156411961736107408e+01
1.156920793217750365e+01
1.157424637209214247e+01
1.157923567284372623e+01
1.158417652288565236e+01
1.158906956182947390e+01
1.159391539275518568e+01
1.159871457998831090e+01
1.160346765386211665e+01
1.160817511365187471e+01
1.161283743007701474e+01
1.161745504927409733e+01
1.162202839287924050e+01
1.162655786178017436e+01
1.163104383856766155e+01
1.163548668742298275e+01
1.163988675728220734e+01
1.164424438281897345e+01
1.164855988644061036e+01
1.165283357823205712e+01
1.165706576053591448e+01
1.166125672573665994e+01
1.166540675712035480e+01
1.166951612916936476e+01
1.167358511425858048e+01
1.167761397703258730e+01
1.168160297739277098e+01
1.168555237200841646e+01
1.168946241299316569e+01
1.169333334965129723e+01
1.169716542863409536e+01
1.170095889441554426e+01
1.170471398984530254e+01
1.170843095624871566e+01
1.171211005110772696e+01
1.171575148973898983e+01
1.171935550429106954e+01
1.172292234641474273e+01
1.172645225330522933e+01
1.172994546361307755e+01
1.173340221538068917e+01
1.173682274692764516e+01
1.174020729691225284e+01
1.174355610442076880e+01
1.174686940907423072e+01
1.175014745101399072e+01
1.175339047103072510e+01
1.175659871056684125e+01
1.175977241176382293e+01
1.176291181749737902e+01
1.176601717129062408e+01
1.176908871742214657e+01
1.177212670088453628e+01
1.177513136737205457e+01
1.177810296326710393e+01
1.178104173561452406e+01
1.178394793209604430e+01
1.178682180099946741e+01
1.178966359118426332e+01
1.179247355204384817e+01
1.179525193332458244e+01
1.179799898550887249e+01
1.180071495934064707e+01
1.180340010592267674e+01
1.180605467666571151e+01
1.180867892324765478e+01
1.181127309766429256e+01
1.181383745184964340e+01
1.181637223795819658e+01
1.181887770819998629e+01
1.182135411478854614e+01
1.182380170988909462e+01
1.182622074556586789e+01
1.182861147372872068e+01
1.183097414608244335e+01
1.183330901407483182e+01
1.183561632884572568e+01
1.183789634107741051e+01
1.184014930124497944e+01
1.184237545926479207e+01
1.184457506453207465e+01
1.184674836591939417e+01
1.184889561169010364e+01
1.185101704945315504e+01
1.185311292614407108e+01
1.185518348804522404e+01
1.185722898035616701e+01
1.185924964779010971e+01
1.186124573408582883e+01
1.186321748208689364e+01
1.186516513370438020e+01
1.186708892987419972e+01
1.186898911052046834e+01
1.187086591452739448e+01
1.187271957970175329e+01
1.187455034274286270e+01
1.187635843920357814e+01
1.187814410353893280e+01
1.187990756885432120e+01
1.188164906710404267e+01
1.188336882902586034e+01
1.188506708401637901e+01
1.188674406002003181e+01
1.188839998394516861e+01
1.189003508120711849e+01
1.189164957585054871e+01
1.189324369051369246e+01
1.189481764644409800e+01
1.189637166339863228e+01
1.189790595971439124e+01
1.189942075225039986e+01
1.190091625642097739e+01
1.190239268607667000e+01
1.190385025348289005e+01
1.190528916952282401e+01
1.190670964353357064e+01
1.190811188317365321e+01
1.190949609459806169e+01
1.191086248233477285e+01
1.191221124942995679e+01
1.191354259728319143e+01
1.191485672570629539e+01
1.191615383286837826e+01
1.191743411533896513e+01
1.191869776806895942e+01
1.191994498438243610e+01
1.192117595596968727e+01
1.192239087288764843e+01
1.192358992355639025e+01
1.192477329475628878e+01
1.192594117162312628e+01
1.192709373765230829e+01
1.192823117474396000e+01
1.192935366304822509e+01
1.193046138112629251e+01
1.193155450585995503e+01
1.193263321256379683e+01
1.193369767485250499e+01
1.193474806474403138e+01
1.193578455259977034e+01
1.193680730714757487e+01
1.193781649549327462e+01
1.193881228309767906e+01
1.193979483382022266e+01
1.194076430990102544e+01
1.194172087196410281e+01
1.194266467904007101e+01
1.194359588850749354e+01
1.194451465621524910e+01
1.194542113639961300e+01
1.194631548171468083e+01
1.194719784323980072e+01
1.194806837048720283e+01
1.194892721140707437e+01
1.194977451241046396e+01
1.195061041834127202e+01
1.195143507254098481e+01
1.195224861674865480e+01
1.195305119127393390e+01
1.195384293484750593e+01
1.195462398474507815e+01
1.195539447672863886e+01
1.195615454509019671e+01
1.195690432261206304e+01
1.195764394064813985e+01
1.195837352909436113e+01
1.195909321638119316e+01
1.195980312951774671e+01
1.196050339408595242e+01
1.196119413424565714e+01
1.196187547278065644e+01
1.196254753104406099e+01
1.196321042902084564e+01
1.196386428532241553e+01
1.196450921720073168e+01
1.196514534055093648e+01
1.196577276990956307e+01
1.196639161852336208e+01
1.196700199830204703e+01
1.196760401984414024e+01
1.196819779245300452e+01
1.196878342414561835e+01
1.196936102166426608e+01
1.196993069048741098e+01
1.197049253484131270e+01
1.197104665770954846e+01
1.197159316084634995e+01
1.197213214480385091e+01
1.197266370889092180e+01
1.197318795123730162e+01
1.197370496878688861e+01
1.197421485729827495e+01
1.197471771138803831e+01
1.197521362450216920e+01
1.197570268896150303e+01
1.197618499594842056e+01
1.197666063552632743e+01
1.197712969665101390e+01
1.197759226718104664e+01
1.197804843388895790e+01
1.197849828247236381e+01
1.197894189756493155e+01
1.197937936274695048e+01
1.197981076055646632e+01
1.198023617249971728e+01
1.198065567906227891e+01
1.198106935973279619e+01
1.198147729296237429e+01
1.198187955624910650e+01
1.198227622610142085e+01
1.198266737806802240e+01
1.198305308672352076e+01
1.198343342569575398e+01
1.198380846769186370e+01
1.198417828448719469e+01
1.198454294693471311e+01
1.198490252498408637e+01
1.198525708768872811e+01
1.198560670321295163e+01
1.198595143885043157e+01
1.198629136102544734e+01
1.198662653530552191e+01
1.198695702641117400e+01
1.198728289822548554e+01
1.198760421380376862e+01
1.198792103538295173e+01
1.198823342439110995e+01
1.198854144145672329e+01
1.198884514641797239e+01
1.198914459833194712e+01
1.198943985548375402e+01
1.198973097539543886e+01
1.199001801483543517e+01
1.199030102982691304e+01
1.199058007565681194e+01
1.199085520688461415e+01
1.199112647735095472e+01
1.199139394018621552e+01
1.199165764781906596e+01
1.199191765198503390e+01
1.199217400373436604e+01
1.199242675344085995e+01
1.199267595080983817e+01
1.199292164488629808e+01
1.199316388406295353e+01
1.199340271608821951e+01
1.199363818807407789e+01
1.199387034650310824e+01
1.199409923723871607e+01
1.199432490553024344e+01
1.199454739602142439e+01
1.199476675275790782e+01
1.199498301919468268e+01
1.199519623820342851e+01
1.199540645207981271e+01
1.199561370255070081e+01
1.199581803077644615e+01
1.199601947737281726e+01
1.199621808240227061e+01
1.199641388538724129e+01
1.199660692531605655e+01
1.199679724064990438e+01
1.199698486932956243e+01
1.199716984878198289e+01
1.199735221592686685e+01
1.199753200718153856e+01
1.199770925847213299e+01
1.199788400523632603e+01
1.199805628242803479e+01
1.199822612452516601e+01
1.199839356553870751e+01
1.199855863901421138e+01
1.199872137804035788e+01
1.199888181525428621e+01
1.199903998284799300e+01
1.199919591257301121e+01
1.199934963574627744e+01
1.199950118325756776e+01
1.199965058557124031e+01
1.199979787273751874e+01
1.199994307439318320e+01
1.200008621976986767e+01
1.200022733769511518e+01
1.200036645660198786e+01
1.200050360453277776e+01
1.200063880914432879e+01
1.200077209771192699e+01
1.200090349713701343e+01
1.200103303394973153e+01
1.200116073431483343e+01
1.200128662403451507e+01
1.200141072855748270e+01
1.200153307297892802e+01
1.200165368205643368e+01
1.200177258019130022e+01
1.200188979145386980e+01
1.200200533958152427e+01
1.200211924798225027e+01
1.200223153974173940e+01
1.200234223762496377e+01
1.200245136408140745e+01
1.200255894124926925e+01
1.200266499095990724e+01
1.200276953474122443e+01
1.200287259382247029e+01
1.200297418913826775e+01
1.200307434133160633e+01
1.200317307075918727e+01
1.200327039749414482e+01
1.200336634133080516e+01
1.200346092178844337e+01
1.200355415811312909e+01
1.200364606928352984e+01
1.200373667401384381e+01
1.200382599075742007e+01
1.200391403771029530e+01
1.200400083281463282e+01
1.200408639376106379e+01
1.200417073799669154e+01
1.200425388271966476e+01
1.200433584489221417e+01
1.200441664123808216e+01
1.200449628824714665e+01
1.200457480217874284e+01
1.200465219906472036e+01
1.200472849471255543e+01
1.200480370470847546e+01
1.200487784442040606e+01
1.200495092900105121e+01
1.200502297339194513e+01
1.200509399232174879e+01
1.200516400031595055e+01
1.200523301169686263e+01
1.200530104058175951e+01
1.200536810089417195e+01
1.200543420636012648e+01
1.200549959512171760e+01
1.200556382788065335e+01
1.200562714587876378e+01
1.200568956208904403e+01
1.200575108929464818e+01
1.200581174010809171e+01
1.200587152695508486e+01
1.200593046209282910e+01
1.200598855760736505e+01
1.200604582541197018e+01
1.200610227725253054e+01
1.200615792470895116e+01
1.200621277919952234e+01
1.200626685197398658e+01
1.200632015414213605e+01
1.200637269661861239e+01
1.200642449019415992e+01
1.200647554554697116e+01
1.200652587311141950e+01
1.200657548331523117e+01
1.200662438629222351e+01
1.200667281077679682e+01
1.200672032595340077e+01
1.200676716367174812e+01
1.200681333355960412e+01
1.200685884510887824e+01
1.200690370767678239e+01
1.200694793048989695e+01
1.200699152264301439e+01
1.200703449310146098e+01
1.200707685070691788e+01
1.200711860417471044e+01
1.200715976209391656e+01
1.200720033293078792e+01
1.200724032506655270e+01
1.200727974669564446e+01
1.200731860594926914e+01
1.200735691082668488e+01
1.200739466917525888e+01
1.200743188885275714e+01
1.200746857748846885e+01
1.200750474263464440e+01
1.200754039174512933e+01
1.200757553215963647e+01
1.200761017113295459e+01
1.200764431579641922e+01
1.200767797318725094e+01
1.200771115023984237e+01
1.200774385379946452e+01
1.200777609060447304e+01
1.200780786730253347e+01
1.200783919044535430e+01
1.200787006649686361e+01
1.200790050182093971e+01
1.200793050269600215e+01
1.200796007531041099e+01
1.200798922576551142e+01
1.200801796007569422e+01
1.200804628417029463e+01
1.200807420389391744e+01
1.200810172500850470e+01
1.200812885319421675e+01
1.200815559405056554e+01
1.200818195309758529e+01
1.200820793577692136e+01
1.200823354745292804e+01
1.200825879341379476e+01
1.200828367887237391e+01
1.200830820896790385e+01
1.200833238876639619e+01
1.200835622326188279e+01
1.200837971737743537e+01
1.200840287596615319e+01
1.200842570381217911e+01
1.200844820563164639e+01
1.200847038607365924e+01
1.200849224972122897e+01
1.200851380109220656e+01
1.200853504464074284e+01
1.200855598475657082e+01
1.200857662576753526e+01
1.200859697193993902e+01
1.200861702747940285e+01
1.200863679653171445e+01
1.200865628318370959e+01
1.200867549146405722e+01
1.200869442534411569e+01
1.200871308873873566e+01
1.200873148550706482e+01
1.200874961945332409e+01
1.200876749432759638e+01
1.200878511382658509e+01
1.200880248159437969e+01
1.200881960122318937e+01
1.200883647625404471e+01
1.200885311017744783e+01
1.200886950643455897e+01
1.200888566841710769e+01
1.200890159946899516e+01
1.200891737868176357e+01
1.200893285655093123e+01
1.200894811325538569e+01
1.200896315195176101e+01
1.200897797575205317e+01
1.200899258772392564e+01
1.200900699089135770e+01
1.200902118823514897e+01
1.200903518269805659e+01
1.200904897716950082e+01
1.200906265153790820e+01
1.200907605337334871e+01
1.200908926368128782e+01
1.200910228519698286e+01
1.200911511990192082e+01
1.200912777189338065e+01
1.200914024306437256e+01
1.200915253599867327e+01
1.200916465324131011e+01
1.200917659730090747e+01
1.200918837064970468e+01
1.200919997572699138e+01
1.200921141493516764e+01
1.200922269064296266e+01
1.200923380518553962e+01
1.200924476086430559e+01
1.200925555994886906e+01
1.200926620467552830e+01
1.200927669724888958e+01
1.200928703984238588e+01
1.200929723459826803e+01
1.200930728362821753e+01
1.200931718901386347e+01
1.200932695280706142e+01
1.200933657703045476e+01
1.200934606367783353e+01
1.200935541471442747e+01
1.200936463207769656e+01
1.200937371767726347e+01
1.200938267339548204e+01
1.200939150108779785e+01
1.200940020258351559e+01
1.200940877968557352e+01
1.200941723417147777e+01
1.200942556779328818e+01
1.200943382619132827e+01
1.200944192256528353e+01
1.200944990319212557e+01
1.200945776972440626e+01
1.200946552379336119e+01
1.200947316641772211e+01
1.200948070036755766e+01
1.200948812660637444e+01
1.200949544667357038e+01
1.200950266208601214e+01
1.200950977433950229e+01
1.200951678490783614e+01
1.200952369524434715e+01
1.200953050678135803e+01
1.200953722093089482e+01
1.200954383908441869e+01
1.200955036261398057e+01
1.200955679287194400e+01
1.200956313119120900e+01
1.200956937888571474e+01
1.200957553725060123e+01
1.200958160756260007e+01
1.200958759108019613e+01
1.200959348904394730e+01
1.200959930267655729e+01
1.200960503318333927e+01
1.200961068175239177e+01
1.200961624955484552e+01
1.200962173774510866e+01
1.200962714746109938e+01
1.200963247982447868e+01
1.200963773594089901e+01
1.200964291690021568e+01
1.200964802377671248e+01
1.200965305762932367e+01
1.200965801950186851e+01
1.200966291042317735e+01
1.200966773140753929e+01
1.200967248345466309e+01
1.200967716754999515e+01
1.200968178466489178e+01
1.200968633575683597e+01
1.200969082176963987e+01
1.200969524363362062e+01
1.200969960226581001e+01
1.200970389857013387e+01
1.200970813343761989e+01
1.200971230774654330e+01
1.200971642236264181e+01
1.200972047813928967e+01
1.200972447591765224e+01
1.200972841652689382e+01
1.200973230078432152e+01
1.200973612949559310e+01
1.200973990345478803e+01
1.200974362344467217e+01
1.200974729023687715e+01
1.200975090459190397e+01
1.200975446725946583e+01
1.200975797897856623e+01
1.200976144047763228e+01
1.200976485247464076e+01
1.200976821567732777e+01
1.200977153078350312e+01
1.200977479816446625e+01
1.200977801913230003e+01
1.200978119404067357e+01
1.200978432354404113e+01
1.200978740829204128e+01
1.200979044892497072e+01
1.200979344607313948e+01
1.200979640035839502e+01
1.200979931239363552e+01
1.200980218278277434e+01
1.200980501212148788e+01
1.200980780099674483e+01
1.200981054998711883e+01
1.200981325966291280e+01
1.200981593058628150e+01
1.200981856331132747e+01
1.200982115838425202e+01
1.200982371634344403e+01
1.200982623771959190e+01
1.200982872303580606e+01
1.200983117280771495e+01
1.200983358754356978e+01
1.200983596774437601e+01
1.200983831390395729e+01
1.200984062650908335e+01
1.200984290603957660e+01
1.200984515296838495e+01
1.200984736776170436e+01
1.200984955087906236e+01
1.200985170277342640e+01
1.200985382389128020e+01
1.200985591467271441e+01
1.200985797555154910e+01
1.200986000695539246e+01
1.200986200930556258e+01
1.200986398301811775e+01
1.200986592850210677e+01
1.200986784616124936e+01
1.200986973639350275e+01
1.200987159959104922e+01
1.200987343614053238e+01
1.200987524642297899e+01
1.200987703081399438e+01
1.200987878968387612e+01
1.200988052339757672e+01
1.200988223231486529e+01
1.200988391679032574e+01
1.200988557717309391e+01
1.200988721380789670e+01
1.200988882703176408e+01
1.200989041718232286e+01
1.200989198459194185e+01
1.200989352958485057e+01
1.200989505248023725e+01
1.200989655359408559e+01
1.200989803323814620e+01
1.200989949171932203e+01
1.200990092933757225e+01
1.200990234639616183e+01
1.200990374318677212e+01
1.200990511999943244e+01
1.200990647711973125e+01
1.200990781482937741e+01
1.200990913340593558e+01
1.200991043312298068e+01
1.200991171425026849e+01
1.200991297705374627e+01
1.200991422179536627e+01
1.200991544873347294e+01
1.200991665812240328e+01
1.200991785021339453e+01
1.200991902525423072e+01
1.200992018348858004e+01
1.200992132510072175e+01
1.200992245043981832e+01
1.200992355968338288e+01
1.200992465306141099e+01
1.200992573080074521e+01
1.200992679312504841e+01
1.200992784025477533e+01
1.200992887240723839e+01
1.200992988979663778e+01
1.200993089263412195e+01
1.200993188112780885e+01
1.200993285548285172e+01
1.200993381590146392e+01
1.200993476258296688e+01
1.200993569572382924e+01
1.200993661551772362e+01
1.200993752215553378e+01
1.200993841582541855e+01
1.200993929671286331e+01
1.200994016500068007e+01
1.200994102086907667e+01
1.200994186449568168e+01
1.200994269605558173e+01
1.200994351572135876e+01
1.200994432366309539e+01
1.200994512004853121e+01
1.200994590504293136e+01
1.200994667880921796e+01
1.200994744150799143e+01
1.200994819329754115e+01
1.200994893433388810e+01
1.200994966477083459e+01
1.200995038475997845e+01
1.200995109445076281e+01
1.200995179399048496e+01
1.200995248352433720e+01
1.200995316319542283e+01
1.200995383314481302e+01
1.200995449351154853e+01
1.200995514443268775e+01
1.200995578604333325e+01
1.200995641847665318e+01
1.200995704186390611e+01
1.200995765633448364e+01
1.200995826201591576e+01
1.200995885903391169e+01
1.200995944751238831e+01
1.200996002757348613e+01
1.200996059933759597e+01
1.200996116292339622e+01
1.200996171844786531e+01
1.200996226602629235e+01
1.200996280577240327e+01
1.200996333779748859e+01
1.200996386588358611e+01
1.200996438274150258e+01
1.200996489220649899e+01
1.200996539438432009e+01
1.200996588937918830e+01
1.200996637729383387e+01
1.200996685822953935e+01
1.200996733228611468e+01
1.200996779956207483e+01
1.200996826015364505e+01
1.200996871415757283e+01
1.200996916166761430e+01
1.200996960277662851e+01
1.200997003757616710e+01
1.200997046615647079e+01
1.200997088860650663e+01
1.200997130501394672e+01
1.200997171546521969e+01
1.200997212004552139e+01
1.200997251883882377e+01
1.200997291192790506e+01
1.200997329939434444e+01
1.200997368131859844e+01
1.200997405777990501e+01
1.200997442885641320e+01
1.200997479462513340e+01
1.200997515516199421e+01
1.200997551054181578e+01
1.200997586083838087e+01
1.200997620860511006e+01
1.200997654891384236e+01
1.200997688435491995e+01
1.200997721499794402e+01
1.200997754091122793e+01
1.200997786216275109e+01
1.200997817881960117e+01
1.200997849094705572e+01
1.200997879860994821e+01
1.200997910187209605e+01
1.200997940079636273e+01
1.200997969544499355e+01
1.200997998587909166e+01
1.200998027215891106e+01
1.200998055434386558e+01
1.200998083249253057e+01
1.200998110666263585e+01
1.200998137691108880e+01
1.200998164329397966e+01
1.200998190586659931e+01
1.200998216468345525e+01
1.200998241979826098e+01
1.200998267126396968e+01
1.200998291913277605e+01
1.200998316345613048e+01
1.200998340428473554e+01
1.200998364166858856e+01
1.200998387565696035e+01
1.200998410629841828e+01
1.200998433364082629e+01
1.200998455773138396e+01
1.200998477861659453e+01
1.200998499634231464e+01
1.200998521095373484e+01
1.200998542249539724e+01
1.200998563100904981e+01
1.200998583654232732e+01
1.200998603913570228e+01
1.200998623883121930e+01
1.200998643567033319e+01
1.200998662969420749e+01
1.200998682094248693e+01
1.200998700945518571e+01
1.200998719527143344e+01
1.200998737842979835e+01
1.200998755896829984e+01
1.200998773692440480e+01
1.200998791233505969e+01
1.200998808523666916e+01
1.200998825566512096e+01
1.200998842365578767e+01
1.200998858924354806e+01
1.200998875246275688e+01
1.200998891334731233e+01
1.200998907193059395e+01
1.200998922824553894e+01
1.200998938346100076e+01
1.200998953644271694e+01
1.200998968611065543e+01
1.200998983363776418e+01
1.200998997905454324e+01
1.200999012239153529e+01
1.200999026367829003e+01
1.200999040294412978e+01
1.200999054021797185e+01
1.200999067552830191e+01
1.200999080890319703e+01
1.200999094037033466e+01
1.200999106995701382e+01
1.200999119769009837e+01
1.200999132359617327e+01
1.200999144770134031e+01
1.200999157003136375e+01
1.200999169061162419e+01
1.200999180946714340e+01
1.200999192662259851e+01
1.200999204210230431e+01
1.200999215593022917e+01
1.200999226812999687e+01
1.200999237782375673e+01
1.200999248685067045e+01
1.200999259431812938e+01
1.200999270024839838e+01
1.200999280466341368e+01
1.200999290758493743e+01
1.200999300903429301e+01
1.200999310903253381e+01
1.200999320760041833e+01
1.200999330475840488e+01
1.200999340052665687e+01
1.200999349492505885e+01
1.200999358797316319e+01
1.200999367969035880e+01
1.200999377009564562e+01
1.200999385920779261e+01
1.200999394704529344e+01
1.200999403362638063e+01
1.200999411896902203e+01
1.200999420309093857e+01
1.200999428600958296e+01
1.200999436774217521e+01
1.200999444830567064e+01
1.200999452771680254e+01
1.200999460599205371e+01
1.200999468314759788e+01
1.200999475977166853e+01
1.200999483472693008e+01
1.200999490861006969e+01
1.200999498143639599e+01
1.200999505322103467e+01
1.200999512397888758e+01
1.200999519372463809e+01
1.200999526247276705e+01
1.200999533023753507e+01
1.200999539703301267e+01
1.200999546284257669e+01
1.200999552774134571e+01
1.200999559171181907e+01
1.200999565476727859e+01
1.200999571692080714e+01
1.200999577818531350e+01
1.200999583857350217e+01
1.200999589809791246e+01
1.200999595677087584e+01
1.200999601460461719e+01
1.200999607161109495e+01
1.200999612780219117e+01
1.200999618318951789e+01
1.200999623778461967e+01
1.200999629159880477e+01
1.200999634464324828e+01
1.200999639692895826e+01
1.200999644846677583e+01
1.200999649926741064e+01
1.200999654934140892e+01
1.200999659869911618e+01
1.200999664774228570e+01
1.200999669569204542e+01
1.200999674285905172e+01
1.200999678944841342e+01
1.200999683537138374e+01
1.200999688063745729e+01
1.200999692525604345e+01
1.200999696923645566e+01
1.200999701258778707e+01
1.200999705531904205e+01
1.200999709743907573e+01
1.200999713895664200e+01
1.200999717988035265e+01
1.200999722021870220e+01
1.200999725998006618e+01
1.200999729917269754e+01
1.200999733780472667e+01
1.200999737588417560e+01
1.200999741341894911e+01
1.200999745041683475e+01
1.200999748688551350e+01
1.200999752283255972e+01
1.200999755826542703e+01
1.200999759319146953e+01
1.200999762761794187e+01
1.200999766155198678e+01
1.200999769500065462e+01
1.200999772797088205e+01
1.200999776046950984e+01
1.200999779250328459e+01
1.200999782407886229e+01
1.200999785520278884e+01
1.200999788588153017e+01
1.200999791612144740e+01
1.200999794592882886e+01
1.200999797530984914e+01
1.200999800427061359e+01
1.200999803281712985e+01
1.200999806095532030e+01
1.200999808869103624e+01
1.200999811603002421e+01
1.200999814297796675e+01
1.200999816954044874e+01
1.200999819572299288e+01
1.200999822153102414e+01
1.200999824696990537e+01
1.200999827204491588e+01
1.200999829676126041e+01
1.200999832112406729e+01
1.200999834513839915e+01
1.200999836880923510e+01
1.200999839214148679e+01
1.200999841514000366e+01
1.200999843780952325e+01
1.200999846032658347e+01
1.200999848234958023e+01
1.200999850422427606e+01
1.200999852561917258e+01
1.200999854670804723e+01
1.200999856749527694e+01
1.200999858798518005e+01
1.200999860818200560e+01
1.200999862808993157e+01
1.200999864771312176e+01
1.200999866705562980e+01
1.200999868612147381e+01
1.200999870491460797e+01
1.200999872343893671e+01
1.200999874169830584e+01
1.200999875969645636e+01
1.200999877743721456e+01
1.200999879492421130e+01
1.200999881216108811e+01
1.200999882915141725e+01
1.200999884589873190e+01
1.200999886240649062e+01
1.200999887867813420e+01
1.200999889471704307e+01
