2.965802184464471747e+00
2.924010773305166122e+00
2.884944858170204629e+00
2.848337564076807826e+00
2.813955793207102651e+00
2.781698934606251505e+00
2.751516787913716122e+00
2.723366323008858725e+00
2.697197380499525288e+00
2.672949090674898720e+00
2.650550290292646327e+00
2.629921364063477984e+00
2.610976221951329723e+00
2.593624364730757748e+00
2.577772659389783172e+00
2.563327022407456024e+00
2.550193834542844762e+00
2.538281056021517212e+00
2.527499136095607835e+00
2.517761834581543567e+00
2.508986635153038769e+00
2.501095230900371558e+00
2.494013720453881700e+00
2.487672738454997035e+00
2.482007505391568891e+00
2.476957773108501737e+00
2.472467674249549052e+00
2.468485775523776571e+00
2.464964590745085449e+00
2.461860575954382568e+00
2.459133863953410604e+00
2.456748031673570587e+00
2.454669867950333373e+00
2.452869150562698053e+00
2.451318414974064108e+00
2.449992746343887973e+00
2.448869572380202086e+00
2.447928456423364540e+00
2.447150935000902638e+00
2.446520330098705287e+00
2.446021593959992746e+00
2.445641167451722442e+00
2.445366830953012993e+00
2.445187580436263275e+00
2.445093520751783878e+00
2.445075760045003932e+00
2.445126301356233434e+00
2.445237963915851687e+00
2.445404299766901879e+00
2.445619524055925087e+00
2.445878445216128849e+00
2.446176408040134920e+00
2.446509242108636073e+00
2.446873207112447268e+00
2.447264951451504356e+00
2.447681478058659099e+00
2.448120091829441680e+00
2.448578391011277500e+00
2.449054221648168994e+00
2.449545655628785124e+00
2.450050968209961599e+00
2.450568619120688574e+00
2.451097228426023733e+00
2.451635561560455923e+00
2.452182515777826755e+00
2.452737109069135446e+00
2.453298454715273191e+00
2.453865767794046970e+00
2.454438345313223913e+00
2.455015558695381017e+00
2.455596847597869115e+00
2.456181710179563993e+00
2.456769699244987670e+00
2.457360416016507010e+00
2.457953504654255994e+00
2.458548647962276235e+00
2.459145559571396245e+00
2.459743986902780399e+00
2.460343705971379080e+00
2.460944515254737119e+00
2.461546234729895755e+00
2.462148702592586780e+00
2.462751781258220252e+00
2.463355342308476637e+00
2.463959270686982173e+00
2.464563465572323864e+00
2.465167839049407839e+00
2.465772309619529867e+00
2.466376809015537130e+00
2.466981273163514565e+00
2.467585644371057541e+00
2.468189874118501770e+00
2.468793917575019758e+00
2.469397735091402701e+00
2.470001294583423324e+00
2.470604559108134701e+00
2.471207505472527988e+00
2.471810108786842264e+00
2.472412346062296429e+00
2.473014198093204108e+00
2.473615649827359153e+00
2.474216684882984296e+00
2.474817290049328378e+00
2.475417453372493526e+00
2.476017164907591273e+00
2.476616414905488117e+00
2.477215195687433091e+00
2.477813500063443808e+00
2.478411321363020559e+00
2.479008655099525171e+00
2.479605495379934244e+00
2.480201838344216370e+00
2.480797682860611975e+00
2.481392992735292680e+00
2.481987822030948809e+00
2.482582141403454123e+00
2.483175949687831618e+00
2.483769243925883607e+00
2.484362022439766449e+00
2.484954283656470864e+00
2.485546026727224689e+00
2.486137250932066056e+00
2.486727953739807262e+00
2.487318136656330392e+00
2.487907798027567896e+00
2.488496935987880576e+00
2.489085553843365606e+00
2.489673648506911530e+00
2.490261222945143516e+00
2.490848271958727711e+00
2.491434797130422041e+00
2.492020798968338724e+00
2.492606277117411562e+00
2.493191231650651929e+00
2.493775662330197207e+00
2.494359569440764091e+00
2.494942953697636412e+00
2.495525814215714622e+00
2.496108150705298900e+00
2.496689964032939635e+00
2.497271254784123151e+00
2.497852021588453209e+00
2.498432266163598481e+00
2.499011988333137868e+00
2.499591187084728272e+00
2.500169866412763398e+00
2.500748020839480557e+00
2.501325652436735325e+00
2.501902762755795706e+00
2.502479352330150508e+00
2.503055418902487617e+00
2.503630964966831129e+00
2.504205990469980492e+00
2.504780493838603572e+00
2.505354475568748018e+00
2.505927937165027597e+00
2.506500879227707479e+00
2.507073302538541881e+00
2.507645203455485472e+00
2.508216584489625589e+00
2.508787445520263226e+00
2.509357787207921131e+00
2.509927608566084434e+00
2.510496910785825708e+00
2.511065695122050023e+00
2.511633960641898700e+00
2.512201707696820385e+00
2.512768936870771963e+00
2.513335647459898237e+00
2.513901839507042713e+00
2.514467514285231076e+00
2.515032670781813806e+00
2.515597310581108914e+00
2.516161379601245862e+00
2.516724983615621802e+00
2.517288072237763075e+00
2.517850643753686501e+00
2.518412698585767107e+00
2.518974236328455518e+00
2.519535258912612541e+00
2.520095765235014884e+00
2.520655756333099795e+00
2.521215231814050384e+00
2.521774191963187750e+00
2.522332636877370859e+00
2.522890566819846470e+00
2.523447982166337589e+00
2.524004880067459933e+00
2.524561266430888296e+00
2.525117135693747183e+00
2.525672493543883679e+00
2.526227337950815777e+00
2.526781666609517529e+00
2.527335484075403649e+00
2.527888788590919589e+00
2.528441579866891331e+00
2.528993856674334850e+00
2.529545623151018052e+00
2.530096876902677483e+00
2.530647618814998889e+00
2.531197846622871950e+00
2.531747562279524022e+00
2.532296768951237453e+00
2.532845465328476653e+00
2.533393649033365058e+00
2.533941321352422449e+00
2.534488485516523504e+00
2.535035137863483001e+00
2.535581278635960167e+00
2.536126909106036553e+00
2.536672030101426945e+00
2.537216641684667540e+00
2.537760743227081228e+00
2.538304335450539906e+00
2.538847418390576482e+00
2.539389992678841690e+00
2.539932055792809340e+00
2.540473612662526026e+00
2.541014661386138851e+00
2.541555202003436875e+00
2.542095234704473850e+00
2.542634759988232407e+00
2.543173777716319695e+00
2.543712288294486257e+00
2.544250292174908168e+00
2.544787787372710941e+00
2.545324777755540779e+00
2.545861261471289883e+00
2.546397239157752512e+00
2.546932710878004436e+00
2.547467676862040786e+00
2.548002138139828787e+00
2.548536094073331704e+00
2.549069545139682536e+00
2.549602491043062802e+00
2.550134931790479342e+00
2.550666868196874937e+00
2.551198300529525564e+00
2.551729229252825970e+00
2.552259654218489437e+00
2.552789575751484019e+00
2.553318992446866442e+00
2.553847907580360399e+00
2.554376319455575306e+00
2.554904149041719919e+00
2.555431555982619951e+00
2.555958460805363153e+00
2.556484863630005488e+00
2.557010765191704227e+00
2.557536163948955998e+00
2.558061062336093983e+00
2.558585459226534464e+00
2.559109356051007644e+00
2.559632752278605761e+00
2.560155647981307236e+00
2.560678043351166000e+00
2.561199938723402347e+00
2.561721334435953956e+00
2.562242231139207682e+00
2.562762628369792850e+00
2.563282526713774878e+00
2.563801924189513137e+00
2.564320825352784272e+00
2.564839228581122565e+00
2.565357133413989299e+00
2.565874540487664834e+00
2.566391450067857072e+00
2.566907862127032036e+00
2.567423776942234337e+00
2.567939195159362864e+00
2.568454116605315640e+00
2.568968541366454250e+00
2.569482470541443409e+00
2.569995903736256970e+00
2.570508840857056665e+00
2.571021282970191724e+00
2.571532995943174082e+00
2.572044447836962622e+00
2.572555405335300360e+00
2.573065868329970307e+00
2.573575836791643479e+00
2.574085309198005600e+00
2.574594290258227947e+00
2.575102777844793245e+00
2.575610771993948500e+00
2.576118272208463900e+00
2.576625279360045706e+00
2.577131795472481279e+00
2.577637817796309960e+00
2.578143351244971626e+00
2.578648391163319786e+00
2.579152938954499596e+00
2.579656995822641630e+00
2.580160561317170753e+00
2.580663636152968898e+00
2.581166220552082891e+00
2.581668315452477991e+00
2.582169919661882584e+00
2.582671033615759892e+00
2.583171658286262939e+00
2.583671793838357544e+00
2.584171440536932707e+00
2.584670598383264295e+00
2.585169266982889180e+00
2.585667446443577155e+00
2.586165139436395588e+00
2.586662344583347650e+00
2.587159061675073257e+00
2.587655291603761398e+00
2.588151034345308688e+00
2.588646290320848919e+00
2.589141059701494996e+00
2.589635342862599110e+00
2.590129140522638540e+00
2.590622452173931389e+00
2.591115277289914864e+00
2.591607618451738482e+00
2.592099473982008462e+00
2.592590842399533635e+00
2.593081728747869796e+00
2.593572131511818757e+00
2.594062050382602180e+00
2.594551485344627206e+00
2.595040436424992603e+00
2.595528906082270826e+00
2.596016894676483666e+00
2.596504397115844576e+00
2.596991417125188661e+00
2.597477955585377085e+00
2.597964011803863382e+00
2.598449586320891402e+00
2.598934679888461829e+00
2.599419292220118471e+00
2.599903423771181110e+00
2.600387074629758821e+00
2.600870244730836500e+00
2.601352934678918150e+00
2.601835145534658444e+00
2.602316876516947985e+00
2.602798128703150304e+00
2.603278901917831512e+00
2.603759193803455219e+00
2.604239009582027364e+00
2.604718347633493636e+00
2.605197206929460219e+00
2.605675588899710515e+00
2.606153493519934194e+00
2.606630919798007540e+00
2.607107870089741208e+00
2.607584344015942079e+00
2.608060341688103634e+00
2.608535863068524474e+00
2.609010908731963063e+00
2.609485480488236142e+00
2.609959575704931201e+00
2.610433196187192717e+00
2.610906342577990813e+00
2.611379013878365907e+00
2.611851210674814627e+00
2.612322910549409904e+00
2.612794160504286811e+00
2.613264936162893459e+00
2.613735238756857981e+00
2.614205069901254674e+00
2.614674427723165273e+00
2.615143313559483484e+00
2.615611727873332182e+00
2.616079671213008773e+00
2.616547142054706843e+00
2.617014141888120093e+00
2.617480669406872185e+00
2.617946728683324231e+00
2.618412317489065000e+00
2.618877436784458279e+00
2.619342085639412065e+00
2.619806264872993840e+00
2.620269975155890219e+00
2.620733020303855021e+00
2.621195792764944077e+00
2.621658096660872683e+00
2.622119932730128333e+00
2.622581299582951608e+00
2.623042200689963632e+00
2.623502634804735223e+00
2.623962601964612951e+00
2.624422102215652419e+00
2.624881134892939283e+00
2.625339701958219418e+00
2.625797803941100295e+00
2.626255439409488801e+00
2.626712610572126572e+00
2.627169314909671094e+00
2.627625556363735626e+00
2.628081333296564903e+00
2.628536646191647730e+00
2.628991492818548714e+00
2.629445878322744345e+00
2.629899798515904497e+00
2.630353258565749641e+00
2.630806254393707189e+00
2.631258789312510338e+00
2.631710861529129808e+00
2.632162470908346652e+00
2.632613619709350594e+00
2.633064306715975800e+00
2.633514533451015271e+00
2.633964299297240519e+00
2.634413605388729263e+00
2.634862451158873409e+00
2.635310837549498686e+00
2.635758764070760041e+00
2.636206231358613650e+00
2.636653239385102765e+00
2.637099787583692567e+00
2.637545878743230432e+00
2.637991510105373472e+00
2.638436684055149417e+00
2.638881401627133361e+00
2.639325661790814515e+00
2.639769465556972783e+00
2.640212812601629544e+00
2.640655702657365822e+00
2.641098135864029750e+00
2.641540113081293661e+00
2.641981636140140921e+00
2.642422704065837458e+00
2.642863316878824698e+00
2.643303475187934293e+00
2.643743180005435622e+00
2.644182430444596665e+00
2.644621227179465794e+00
2.645059570511506308e+00
2.645497460895333663e+00
2.645934898006820468e+00
2.646371882635281558e+00
2.646808414839456614e+00
2.647244495285482557e+00
2.647680123931519969e+00
2.648115301019720480e+00
2.648550027265834217e+00
2.648984303014525921e+00
2.649418128338159040e+00
2.649851503644052642e+00
2.650284419577252137e+00
2.650716894929346701e+00
2.651148861547056867e+00
2.651580438989259658e+00
2.652011567323274921e+00
2.652442247752618609e+00
2.652872479787171667e+00
2.653302264173775349e+00
2.653731601667534967e+00
2.654160490393658201e+00
2.654588933658260430e+00
2.655016928549957633e+00
2.655444478401348896e+00
2.655871584187961432e+00
2.656298241610782096e+00
2.656724454463371021e+00
2.657150221828000536e+00
2.657575544632444053e+00
2.658000422606923152e+00
2.658424856513131207e+00
2.658848846675992306e+00
2.659272393268278023e+00
2.659695495045180991e+00
2.660118154796467405e+00
2.660540370845822622e+00
2.660962145890171549e+00
2.661383478190424867e+00
2.661804367949399897e+00
2.662224817281843237e+00
2.662644825340907850e+00
2.663064393239445327e+00
2.663483520472707866e+00
2.663902207392154775e+00
2.664320452994157318e+00
2.664738258625235279e+00
2.665155625990465627e+00
2.665572554413967232e+00
2.665989043519352286e+00
2.666405094369841411e+00
2.666820706864018842e+00
2.667235880017780225e+00
2.667650618611796087e+00
2.668064919602006757e+00
2.668478783133982013e+00
2.668892210039396584e+00
2.669305200611689521e+00
2.669717755026192130e+00
2.670129873812568722e+00
2.670541556536540018e+00
2.670952804588091034e+00
2.671363617858268924e+00
2.671773996319594779e+00
2.672183940610560970e+00
2.672593450845342833e+00
2.673002527436601827e+00
2.673411170943682968e+00
2.673819382127651245e+00
2.674227160437992357e+00
2.674634506549141921e+00
2.675041420198400743e+00
2.675447901913785120e+00
2.675853952143746550e+00
2.676259571728303754e+00
2.676664760591187520e+00
2.677069518394342040e+00
2.677473846127632839e+00
2.677877743890405338e+00
2.678281212053707172e+00
2.678684252246007258e+00
2.679086863594021484e+00
2.679489043564864836e+00
2.679890797248296597e+00
2.680292121422380713e+00
2.680693018961867402e+00
2.681093489100768945e+00
2.681493531510575234e+00
2.681893145772379139e+00
2.682292335568989827e+00
2.682691096928958352e+00
2.683089434770076664e+00
2.683487346691735720e+00
2.683884833682165461e+00
2.684281896240823251e+00
2.684678533491568597e+00
2.685074746100850618e+00
2.685470535027548955e+00
2.685865898992925160e+00
2.686260840386490933e+00
2.686655359126498333e+00
2.687049454527397518e+00
2.687443127642086704e+00
2.687836378793398318e+00
2.688229208245700885e+00
2.688621616398620962e+00
2.689013603282605747e+00
2.689405169264608375e+00
2.689796314677074029e+00
2.690187012796278143e+00
2.690577269591787335e+00
2.690967105497193756e+00
2.691356536101954688e+00
2.691745573007911396e+00
2.692134201355447232e+00
2.692522411659451276e+00
2.692910203673990477e+00
2.693297578739684006e+00
2.693684536407356944e+00
2.694071075827912498e+00
2.694457198977795009e+00
2.694842905481244610e+00
2.695228195948241812e+00
2.695613070444583759e+00
2.695997529092436285e+00
2.696381572621056932e+00
2.696765201123121791e+00
2.697148414802117422e+00
2.697531214294750068e+00
2.697913599911398563e+00
2.698295571846590413e+00
2.698677130069039087e+00
2.699058275645041416e+00
2.699439008476549606e+00
2.699819328924829787e+00
2.700199237263457785e+00
2.700578733780660379e+00
2.700957818806313693e+00
2.701336492641581266e+00
2.701714755608675578e+00
2.702092606953705900e+00
2.702470048292239024e+00
2.702847079772969785e+00
2.703223702814963936e+00
2.703599916640427647e+00
2.703975721648468777e+00
2.704351117722646691e+00
2.704726105557961446e+00
2.705100685490420265e+00
2.705474857894367702e+00
2.705848622690961935e+00
2.706221980651543735e+00
2.706594932179901214e+00
2.706967477660861654e+00
2.707339616159747830e+00
2.707711348900363912e+00
2.708082674660678091e+00
2.708453596519257989e+00
2.708824113333679229e+00
2.709194225473391171e+00
2.709563933417522108e+00
2.709933056859338940e+00
2.710301792186136538e+00
2.710670290137376259e+00
2.711038385000363427e+00
2.711406077397371828e+00
2.711773366679705255e+00
2.712140254042412213e+00
2.712506740396720684e+00
2.712872823410900303e+00
2.713238505454839355e+00
2.713603631015154782e+00
2.713968514459213388e+00
2.714332997774879352e+00
2.714697081371229448e+00
2.715060765808432475e+00
2.715424051018263008e+00
2.715786936596086054e+00
2.716149423765007676e+00
2.716511513132518374e+00
2.716873204643243778e+00
2.717234497742898824e+00
2.717595393734430598e+00
2.717955892859735822e+00
2.718315995240957239e+00
2.718675702397399530e+00
2.719035013705882076e+00
2.719393929367822427e+00
2.719752449374028824e+00
2.720110574528224578e+00
2.720468303472071803e+00
2.720825638212657438e+00
2.721182580392575101e+00
2.721539128714366207e+00
2.721895284910330837e+00
2.722251045410866599e+00
2.722606414737017921e+00
2.722961391735494896e+00
2.723315976197596466e+00
2.723670169226561910e+00
2.724023970798028937e+00
2.724377381221999794e+00
2.724730400304760991e+00
2.725083029143644975e+00
2.725435267731011191e+00
2.725787116466936943e+00
2.726138575271642051e+00
2.726489645513401339e+00
2.726840326789058189e+00
2.727190619951410877e+00
2.727540523763561708e+00
2.727889874817306382e+00
2.728238954417765871e+00
2.728587695603321706e+00
2.728936049090025850e+00
2.729284015073127456e+00
2.729631596217096057e+00
2.729978791670561566e+00
2.730325600992333790e+00
2.730671840881610191e+00
2.731017879320255304e+00
2.731363532709945918e+00
2.731708802607060615e+00
2.732053688270664971e+00
2.732398169397566523e+00
2.732742288754849369e+00
2.733086024019012683e+00
2.733429336523530928e+00
2.733772306315374490e+00
2.734114893770574373e+00
2.734457100819295938e+00
2.734798924838227840e+00
2.735140368445309278e+00
2.735481430235782607e+00
2.735822112040272369e+00
2.736162412878478278e+00
2.736502334431067940e+00
2.736841875982924943e+00
2.737181037708432019e+00
2.737519820595483822e+00
2.737858224733477286e+00
2.738196250499725704e+00
2.738533897997603717e+00
2.738871167781849802e+00
2.739207899316068229e+00
2.739544414592853361e+00
2.739880554269143786e+00
2.740216316322554579e+00
2.740551701866393852e+00
2.740886712059374286e+00
2.741221346581260043e+00
2.741555606696362890e+00
2.741889490524374029e+00
2.742223000715893200e+00
2.742556136435404301e+00
2.742888877542871917e+00
2.743221265669788966e+00
2.743553280935258076e+00
2.743884922140185534e+00
2.744216190763229868e+00
2.744547087087461090e+00
2.744877464303349335e+00
2.745207618132460947e+00
2.745537400081139445e+00
2.745866811217899439e+00
2.746195850818930584e+00
2.746524520375590583e+00
2.746852819498652565e+00
2.747180749374055875e+00
2.747508309568356122e+00
2.747835500874270309e+00
2.748162323499792503e+00
2.748488776938748046e+00
2.748814862780499357e+00
2.749140580659125366e+00
2.749465930857805329e+00
2.749790914327691294e+00
2.750115530220679005e+00
2.750439779753896641e+00
2.750763662959716971e+00
2.751087180263468213e+00
2.751410302593464419e+00
2.751733088921358483e+00
2.752055510431997920e+00
2.752377566644383045e+00
2.752699258440452379e+00
2.753020585163191924e+00
2.753341549190581716e+00
2.753662149968469919e+00
2.753982388000709047e+00
2.754302263403818340e+00
2.754621775259484817e+00
2.754940925639103533e+00
2.755259714462269471e+00
2.755578142034326827e+00
2.755896208513923362e+00
2.756213913485057621e+00
2.756531257816851710e+00
2.756848242013713701e+00
2.757164866322598495e+00
2.757481132142196145e+00
2.757797037641517512e+00
2.758112584074476015e+00
2.758427771776982951e+00
2.758737955017295018e+00
2.759052431562874830e+00
2.759366550579096966e+00
2.759680312123740986e+00
2.759993716478619685e+00
2.760306764120359357e+00
2.760619455716371462e+00
2.760931791000067914e+00
2.761243770485028559e+00
2.761555394229707971e+00
2.761866662881407475e+00
2.762177576231319875e+00
2.762488135960962321e+00
2.762798341109009570e+00
2.763108192543705321e+00
2.763417691172896262e+00
2.763726835326685283e+00
2.764035626766490505e+00
2.764344063988252831e+00
2.764652150466483160e+00
2.764959884835141324e+00
2.765267268059506289e+00
2.765574299423674720e+00
2.765880979500775716e+00
2.766187308838508496e+00
2.766493287897918041e+00
2.766798916799478203e+00
2.767104196096338509e+00
2.767409125854147778e+00
2.767713706325994227e+00
2.768017938045813864e+00
2.768321821264695171e+00
2.768625356259756476e+00
2.768928543207968662e+00
2.769231382415980658e+00
2.769533874468123269e+00
2.769836019883513245e+00
2.770137818681121633e+00
2.770439270696952505e+00
2.770740376842157016e+00
2.771041137176851521e+00
2.771341552666340302e+00
2.771641617333799434e+00
2.771941342363117844e+00
2.772240723720738043e+00
2.772539760574619372e+00
2.772838453519308910e+00
2.773136802814599733e+00
2.773434809238679577e+00
2.773732472777774571e+00
2.774029793730374394e+00
2.774326772031032284e+00
2.774623408603447139e+00
2.774919703317105579e+00
2.775215655741206433e+00
2.775511268265894227e+00
2.775806540448776616e+00
2.776101472021645478e+00
2.776396063529871672e+00
2.776690314751236954e+00
2.776984227062647026e+00
2.777277800262627050e+00
2.777570921942610127e+00
2.777863817170797223e+00
2.778156375293094893e+00
2.778448595571063606e+00
2.778740478317077933e+00
2.779032023353552816e+00
2.779323231552424556e+00
2.779614103131507807e+00
2.779904638634853153e+00
2.780194838144299130e+00
2.780484701966058569e+00
2.780774230217432752e+00
2.781063423423821845e+00
2.781352281725873787e+00
2.781640806097806617e+00
2.781928995947722250e+00
2.782216852219195236e+00
2.782504374814772419e+00
2.782791564566992726e+00
2.783078421427280791e+00
2.783364944603934799e+00
2.783651136278169069e+00
2.783936996190027546e+00
2.784222523753338230e+00
2.784507719138332504e+00
2.784792585140728693e+00
2.785077120438022025e+00
2.785361325168531188e+00
2.785645200233104912e+00
2.785928745012036245e+00
2.786211960442730007e+00
2.786494846187108188e+00
2.786777403484055338e+00
2.787059632582057578e+00
2.787341533531166426e+00
2.787623106391584393e+00
2.787904351626437904e+00
2.788185269495456087e+00
2.788465860403001706e+00
2.788746124513267421e+00
2.789026062310823839e+00
2.789305674000582602e+00
2.789584960614948539e+00
2.789863921313494810e+00
2.790142556646358685e+00
2.790420867560516882e+00
2.790698853530681589e+00
2.790976514989201185e+00
2.791253852972829907e+00
2.791530867670303451e+00
2.791807558848541593e+00
2.792083927165531332e+00
2.792359972710407590e+00
2.792635694660422274e+00
2.792911095709972980e+00
2.793186174691024259e+00
2.793460931142108361e+00
2.793735367965500593e+00
2.794009483884246858e+00
2.794283279270728837e+00
2.794556754682791855e+00
2.794829909786876510e+00
2.795102745363195140e+00
2.795375261359778651e+00
2.795647458799319196e+00
2.795919337789645187e+00
2.796190896697100747e+00
2.796462138940345898e+00
2.796733063074008374e+00
2.797003669670747872e+00
2.797273933145109748e+00
2.797543906274001735e+00
2.797813562776122698e+00
2.798082903242716579e+00
2.798351927576682385e+00
2.798620636180584764e+00
2.798889029637344539e+00
2.799157108118460524e+00
2.799424871750872068e+00
2.799692320987547944e+00
2.799959456042296235e+00
2.800226277356232529e+00
2.800492785251775363e+00
2.800758979756793554e+00
2.801024839413527534e+00
2.801290408832120438e+00
2.801555665726995770e+00
2.801820610887706398e+00
2.802085244107056283e+00
2.802349565910733364e+00
2.802613575796654377e+00
2.802877275437908988e+00
2.803140664450376462e+00
2.803403743756212929e+00
2.803666513287220940e+00
2.803928973486054854e+00
2.804191124418817793e+00
2.804452966395459601e+00
2.804714499712947173e+00
2.804975724217996902e+00
2.805236640880822918e+00
2.805497249726066844e+00
2.805757551115722670e+00
2.806017545488977749e+00
2.806277233009666805e+00
2.806536613852521622e+00
2.806795688735679306e+00
2.807054456948876009e+00
2.807312919448401889e+00
2.807571060028415388e+00
2.807828912899053897e+00
2.808086460970108167e+00
2.808343704566511612e+00
2.808600643967674504e+00
2.808857279399049389e+00
2.809113611332425542e+00
2.809369640269094859e+00
2.809625366244836275e+00
2.809880789276738344e+00
2.810135826456493291e+00
2.810390644876120447e+00
2.810645162342873871e+00
2.810899377881943551e+00
2.811153292274763960e+00
2.811406905359811859e+00
2.811660218430801272e+00
2.811913231369780330e+00
2.812165944104213278e+00
2.812418357214061970e+00
2.812670470938098077e+00
2.812922285547617474e+00
2.813173800811418879e+00
2.813425017866947542e+00
2.813675937769417601e+00
2.813926557116352534e+00
2.814176880760806743e+00
2.814426907243777087e+00
2.814676532407792475e+00
2.814925965310829614e+00
2.815175101661114176e+00
2.815423941946157527e+00
2.815672475407246189e+00
2.815920724375075679e+00
2.816168678134728154e+00
2.816416336943289522e+00
2.816663701085581728e+00
2.816910770984043300e+00
2.817157546969142778e+00
2.817404028914546554e+00
2.817650217493070208e+00
2.817896112892125160e+00
2.818141716093916394e+00
2.818387024670325314e+00
2.818632042213575328e+00
2.818876767899936020e+00
2.819121201963265655e+00
2.819365344538737883e+00
2.819609196185868250e+00
2.819852756386494352e+00
2.820096026584315130e+00
2.820339006570383944e+00
2.820581696834748353e+00
2.820824096692115646e+00
2.821066207749912014e+00
2.821308029928637051e+00
2.821549563207780054e+00
2.821790808368906056e+00
2.822031765401607828e+00
2.822272433981556361e+00
2.822512814342597043e+00
2.822752907951305623e+00
2.822992714547901016e+00
2.823232234507619509e+00
2.823471468133381013e+00
2.823710416117783950e+00
2.823949077623801429e+00
2.824187453588241414e+00
2.824425544157352252e+00
2.824663349928066669e+00
2.824900870794101682e+00
2.825138107349074001e+00
2.825375060047340181e+00
2.825611728685174295e+00
2.825848113727628785e+00
2.826084215744928407e+00
2.826320034720275043e+00
2.826555570983730892e+00
2.826790824286777415e+00
2.827025796749341069e+00
2.827260486755771574e+00
2.827494790897521426e+00
2.827728918264517333e+00
2.827962764560187914e+00
2.828196330182910501e+00
2.828429615385555262e+00
2.828662620823712892e+00
2.828895346553434997e+00
2.829127792660351304e+00
2.829359959546973613e+00
2.829591847530105397e+00
2.829823456546769922e+00
2.830054787313015741e+00
2.830285840406063791e+00
