4.803982397796677586e-03
4.615776439188714296e-03
4.437164729613128113e-03
4.267290605003347739e-03
4.105380359611097464e-03
3.951227032535999800e-03
3.804840182603012010e-03
3.666253343822202873e-03
3.535457580562355231e-03
3.412382958153473492e-03
3.296898500054333374e-03
3.188819368284780131e-03
3.087915001742121742e-03
2.993918416791355262e-03
2.906534373691042200e-03
2.825447471912093198e-03
2.750329462359550961e-03
2.680845120837166504e-03
2.616657579673505474e-03
2.557432730556915418e-03
2.502842942399010739e-03
2.452569885189872720e-03
2.406306683903422158e-03
2.363759491491524561e-03
2.324648787828879296e-03
2.288709991757582191e-03
2.255693982224278495e-03
2.225366588600322885e-03
2.197509333806745100e-03
2.171918517470603806e-03
2.148404858260863446e-03
2.126792959247628557e-03
2.106920626789769366e-03
2.088638209266482047e-03
2.071807859964969623e-03
2.056302819454031844e-03
2.042006683571804052e-03
2.028812729695477282e-03
2.016623175450493917e-03
2.005348570598657846e-03
1.994907119497720503e-03
1.985224096192812673e-03
1.976231320599403530e-03
1.967866601349879153e-03
1.960073236420712111e-03
1.952799542131534831e-03
1.945998467184523921e-03
1.939627171345366472e-03
1.933646676066291077e-03
1.928021510291218600e-03
1.922719413335547030e-03
1.917711056755148219e-03
1.912969767518866646e-03
1.908471309203187052e-03
1.904193655228893917e-03
1.900116775524460276e-03
1.896222507704722372e-03
1.892494311696066300e-03
1.888917180887212700e-03
1.885477478009453403e-03
1.882162820104214731e-03
1.878961947875775656e-03
1.875864642295144895e-03
1.872861624370126751e-03
1.869944461740173560e-03
1.867105482084875905e-03
1.864337746385663110e-03
1.861634928207524979e-03
1.858991285501890951e-03
1.856401601865420494e-03
1.853861137440969246e-03
1.851365589626710302e-03
1.848911046344774980e-03
1.846493951363011423e-03
1.844111073915824473e-03
1.841759475142801293e-03
1.839436497057209694e-03
1.837139713207377057e-03
1.834866914189971221e-03
1.832616097538499215e-03
1.830385444153532441e-03
1.828173304677054413e-03
1.825978156783285159e-03
1.823798636857188469e-03
1.821633506283569124e-03
1.819481633183314987e-03
1.817341982189263176e-03
1.815213622130621958e-03
1.813095691602952236e-03
1.810987418463385484e-03
1.808888102351071444e-03
1.806797096669536268e-03
1.804713818791386145e-03
1.802637737823142589e-03
1.800568360075162832e-03
1.798505264588068408e-03
1.796448035753262515e-03
1.794396309806267414e-03
1.792349758707004279e-03
1.790308079625647225e-03
1.788270990278729902e-03
1.786238243919179231e-03
1.784209611382092664e-03
1.782184884827291106e-03
1.780163872826597644e-03
1.778146404232393849e-03
1.776132319945349005e-03
1.774121476431824362e-03
1.772113743954400761e-03
1.770108999639222582e-03
1.768107138071442399e-03
1.766108058638503082e-03
1.764111662145934501e-03
1.762117975788895109e-03
1.760126734535446668e-03
1.758137959202879779e-03
1.756151583789867208e-03
1.754167554693119181e-03
1.752185819891383372e-03
1.750206332302522766e-03
1.748229047242196499e-03
1.746253923947629037e-03
1.744280931651916383e-03
1.742310029723310571e-03
1.740341191318184452e-03
1.738374393258432325e-03
1.736409597800374046e-03
1.734446790962097850e-03
1.732485940786154680e-03
1.730527044542808611e-03
1.728570078726587552e-03
1.726615025063974037e-03
1.724661869666478534e-03
1.722710598585037349e-03
1.720761200147994004e-03
1.718813662070781253e-03
1.716867971658239938e-03
1.714924122481236357e-03
1.712982106975611575e-03
1.711041914484945619e-03
1.709103535997097195e-03
1.707166969651159908e-03
1.705232203872703326e-03
1.703299233925440999e-03
1.701368058337650009e-03
1.699438659383698414e-03
1.697511051306217593e-03
1.695585223542702032e-03
1.693661167593154149e-03
1.691738878647311949e-03
1.689818361468995193e-03
1.687899605229608701e-03
1.685982607816379842e-03
1.684067372387315241e-03
1.682153895388176831e-03
1.680242170072321220e-03
1.678332192860839105e-03
1.676423959710426816e-03
1.674517481451069266e-03
1.672612748518358377e-03
1.670709760226583547e-03
1.668808513382159841e-03
1.666909010369272987e-03
1.665011246393453262e-03
1.663115216520225093e-03
1.661220923174047117e-03
1.659328364558551811e-03
1.657437538157594979e-03
1.655548445797895519e-03
1.653661086862777234e-03
1.651775456676677668e-03
1.649891558220924681e-03
1.648009385854779093e-03
1.646129119523207385e-03
1.644250406348930294e-03
1.642373414013776744e-03
1.640498147981909061e-03
1.638624606618049396e-03
1.636752791066568586e-03
1.634882694701919950e-03
1.633014321028708081e-03
1.631147666431080568e-03
1.629282732074467796e-03
1.627419516876381931e-03
1.625558020393984716e-03
1.623698241640255139e-03
1.621840179262801695e-03
1.619983842668322243e-03
1.618129212081069988e-03
1.616276305967903615e-03
1.614425105299807997e-03
1.612575616781574588e-03
1.610727848038636225e-03
1.608881783833316986e-03
1.607037429975757218e-03
1.605194787385686057e-03
1.603353860119355800e-03
1.601514634347333188e-03
1.599677118016811254e-03
1.597841308144722647e-03
1.596007212253327309e-03
1.594174823806169834e-03
1.592344132225495621e-03
1.590515141854975277e-03
1.588687860601259829e-03
1.586862284158032689e-03
1.585038401739344684e-03
1.583216225537511547e-03
1.581395754729991807e-03
1.579576985064015454e-03
1.577759913769104195e-03
1.575944540626362167e-03
1.574130867721829476e-03
1.572318892640535773e-03
1.570508615256065036e-03
1.568700033455612758e-03
1.566893155640928939e-03
1.565087965372434064e-03
1.563284468984059341e-03
1.561482666338069678e-03
1.559682556796295437e-03
1.557884138691198548e-03
1.556087412480187211e-03
1.554292376807194041e-03
1.552499030161706619e-03
1.550707379156995207e-03
1.548917410898168054e-03
1.547129131556432150e-03
1.545342539003518798e-03
1.543557633027101096e-03
1.541774412858601569e-03
1.539992875063063904e-03
1.538213021765674196e-03
1.536434851374527885e-03
1.534658364874351161e-03
1.532883562240564511e-03
1.531110440755574856e-03
1.529338999527437475e-03
1.527569237007231654e-03
1.525801153688395584e-03
1.524034748486910971e-03
1.522270026085208042e-03
1.520506975563554013e-03
1.518745602575982548e-03
1.516986170557911877e-03
1.515228147362755436e-03
1.513471797899760760e-03
1.511717121768320999e-03
1.509964116517522768e-03
1.508212787285362214e-03
1.506463125957076352e-03
1.504715136287638078e-03
1.502968813507683018e-03
1.501224159386655571e-03
1.499481173684401487e-03
1.497739855760535019e-03
1.496000204497464469e-03
1.494262218768554161e-03
1.492525896405693569e-03
1.490791238953302665e-03
1.489058244457697276e-03
1.487326919524231033e-03
1.485597248966861626e-03
1.483869238193708320e-03
1.482142888739806669e-03
1.480418198484139986e-03
1.478695166540927889e-03
1.476973793001891931e-03
1.475254076943473139e-03
1.473536016212620555e-03
1.471819611386284777e-03
1.470104862176543773e-03
1.468391764921133909e-03
1.466680320933436013e-03
1.464970530526201863e-03
1.463262390144901741e-03
1.461556680231130244e-03
1.459851840581663377e-03
1.458148648917323561e-03
1.456447105598815753e-03
1.454747210723877958e-03
1.453048969366866694e-03
1.451352365830533122e-03
1.449657407206579899e-03
1.447964093374164889e-03
1.446272425990710337e-03
1.444582402150514956e-03
1.442894015107607127e-03
1.441207274026843439e-03
1.439522162530080260e-03
1.437838696134470040e-03
1.436156870162846140e-03
1.434476680601434869e-03
1.432798128952140300e-03
1.431121212832027218e-03
1.429445931500927499e-03
1.427772281832278981e-03
1.426100267800325559e-03
1.424429887953511994e-03
1.422761139051330814e-03
1.421094020543883134e-03
1.419428531548205981e-03
1.417764672060044294e-03
1.416102443394270331e-03
1.414441845191649312e-03
1.412782868548621493e-03
1.411125518058507387e-03
1.409469794419168252e-03
1.407815694656645768e-03
1.406163218851276282e-03
1.404512365599283391e-03
1.402863134330285463e-03
1.401215523793107555e-03
1.399569531592828597e-03
1.397925159421714494e-03
1.396282409034981442e-03
1.394641271828785242e-03
1.393001753394447571e-03
1.391363858669268996e-03
1.389727570841393358e-03
1.388092894961483669e-03
1.386459832058799507e-03
1.384828382185313619e-03
1.383198545250700472e-03
1.381570313059717406e-03
1.379943684412287923e-03
1.378318676281036284e-03
1.376695276249842925e-03
1.375073481382510770e-03
1.373453293987520916e-03
1.371834712264059959e-03
1.370217733705461583e-03
1.368602359266580257e-03
1.366988587429678005e-03
1.365376417901060287e-03
1.363765850897447410e-03
1.362156884403822096e-03
1.360549514884670883e-03
1.358943744943686424e-03
1.357339570989663912e-03
1.355736993607380364e-03
1.354136020655286867e-03
1.352536634726702724e-03
1.350938841221806935e-03
1.349342643568573769e-03
1.347748037001063196e-03
1.346155021600308702e-03
1.344563600673389725e-03
1.342973766367604486e-03
1.341385519946929105e-03
1.339798861039716857e-03
1.338213789771642822e-03
1.336630304226841962e-03
1.335048398372594165e-03
1.333468080983604784e-03
1.331889346042729140e-03
1.330312191406734590e-03
1.328736620405481612e-03
1.327162631083982167e-03
1.325590298168662475e-03
1.324019464985734876e-03
1.322450212790378388e-03
1.320882537477162822e-03
1.319316433662503759e-03
1.317751907589467157e-03
1.316188954801739879e-03
1.314627573755572420e-03
1.313067762623316937e-03
1.311509526484325519e-03
1.309952860372944842e-03
1.308397768643769065e-03
1.306844237722266499e-03
1.305292275036459533e-03
1.303741877385148447e-03
1.302193047868635805e-03
1.300645783756693890e-03
1.299100082813703675e-03
1.297556598987155288e-03
1.296014024116858747e-03
1.294473011130428805e-03
1.292933557566242325e-03
1.291395668056830211e-03
1.289859331033457561e-03
1.288324550650883594e-03
1.286791326784626505e-03
1.285259659281161966e-03
1.283729550356870700e-03
1.282200993472603712e-03
1.280673986863000574e-03
1.279148535301704356e-03
1.277624631426244398e-03
1.276102283634431142e-03
1.274581478787548561e-03
1.273062222344784012e-03
1.271544512694508262e-03
1.270028357271504784e-03
1.268513738924186571e-03
1.267000671613653477e-03
1.265489138114168823e-03
1.263979152020977981e-03
1.262470702291632963e-03
1.260963794902900158e-03
1.259458430305510383e-03
1.257954600968830619e-03
1.256452310946745482e-03
1.254951555163280391e-03
1.253452335675862058e-03
1.251954648704233777e-03
1.250458496137088526e-03
1.248963874835004638e-03
1.247470786430799478e-03
1.245979228804621223e-03
1.244489202049657919e-03
1.243000708054358165e-03
1.241513737522565016e-03
1.240028299648754167e-03
1.238544386482835812e-03
1.237061994576220663e-03
1.235581127363951769e-03
1.234101781476755737e-03
1.232623957994568621e-03
1.231147657808780681e-03
1.229672880453234422e-03
1.228199623062353578e-03
1.226727879532861845e-03
1.225257653113875911e-03
1.223788943737250199e-03
1.222321749373550363e-03
1.220856066648548640e-03
1.219391898518011304e-03
1.217929242735114968e-03
1.216468098294979207e-03
1.215008463682222453e-03
1.213550339977266480e-03
1.212093724549062916e-03
1.210638617201810485e-03
1.209185015715057501e-03
1.207732920228266841e-03
1.206282329934263865e-03
1.204833242447217239e-03
1.203385656618247580e-03
1.201939572206135731e-03
1.200494987853156347e-03
1.199051934742492199e-03
1.197610350235511160e-03
1.196170461509808757e-03
1.194731870035800874e-03
1.193294775589082016e-03
1.191859174157934359e-03
1.190425067376093800e-03
1.188992452754082099e-03
1.187561327774883145e-03
1.186131698687806386e-03
1.184703554472464745e-03
1.183276904833474889e-03
1.181851738662168579e-03
1.180428052706796252e-03
1.179005861297392245e-03
1.177585151788762639e-03
1.176165927239999258e-03
1.174748184558520358e-03
1.173331924643590323e-03
1.171917144956228845e-03
1.170503844413359152e-03
1.169092022439073434e-03
1.167681683182730497e-03
1.166272817345109227e-03
1.164865430513922859e-03
1.163459513699428198e-03
1.162055072698584294e-03
1.160652106835333847e-03
1.159250609060525228e-03
1.157850582196973122e-03
1.156452022535182358e-03
1.155054931757641722e-03
1.153659308692818507e-03
1.152265156686141682e-03
1.150872471249216348e-03
1.149481246698446551e-03
1.148091485286773395e-03
1.146703188268824577e-03
1.145316352100527726e-03
1.143930977119936862e-03
1.142547066607399117e-03
1.141164604627345437e-03
1.139783601326644193e-03
1.138404056220058969e-03
1.137025966535344657e-03
1.135649331294367667e-03
1.134274149912690554e-03
1.132900420624769226e-03
1.131528144878200717e-03
1.130157318039697566e-03
1.128787940472437360e-03
1.127420012268017619e-03
1.126053531298130397e-03
1.124688497182188855e-03
1.123324908544660059e-03
1.121962763521055844e-03
1.120602059574496000e-03
1.119242798540025230e-03
1.117884978169526259e-03
1.116528599338662562e-03
1.115173660287383265e-03
1.113820159520844842e-03
1.112468094238986543e-03
1.111117464696041203e-03
1.109768272018860687e-03
1.108420512907889706e-03
1.107074187031983209e-03
1.105729293154307426e-03
1.104385825846641552e-03
1.103043788019929423e-03
1.101703188117115735e-03
1.100364009172345118e-03
1.099026261925397079e-03
1.097689936793773847e-03
1.096355036330769151e-03
1.095021561631416345e-03
1.093689514092069381e-03
1.092358881436701276e-03
1.091029676903471947e-03
1.089701884099742411e-03
1.088375511027544866e-03
1.087050554392779943e-03
1.085727012530589720e-03
1.084404888361438848e-03
1.083084179663831555e-03
1.081764883241504490e-03
1.080447003356914577e-03
1.079130532045030188e-03
1.077815469578338649e-03
1.076501818242009195e-03
1.075189574526377694e-03
1.073878737355339228e-03
1.072569305847662947e-03
1.071261278671261849e-03
1.069954655724648105e-03
1.068649435784640436e-03
1.067345617743085560e-03
1.066043290679071550e-03
1.064742434694042296e-03
1.063442981676020150e-03
1.062144879660151253e-03
1.060848089973627159e-03
1.059552662148508613e-03
1.058258627801827523e-03
1.056965987753365850e-03
1.055674737534386363e-03
1.054384878642143425e-03
1.053096413906958297e-03
1.051809336740681900e-03
1.050523648395850938e-03
1.049239346839194505e-03
1.047956431851386526e-03
1.046674903025211507e-03
1.045394757929810330e-03
1.044115996256260621e-03
1.042838617326273792e-03
1.041562619017499369e-03
1.040288000295337646e-03
1.039014760511364601e-03
1.037742899769868773e-03
1.036472414516527961e-03
1.035203305078168622e-03
1.033935570250568052e-03
1.032669209121806408e-03
1.031404220731131595e-03
1.030140603978952057e-03
1.028878357861395029e-03
1.027617481304412324e-03
1.026357976820981618e-03
1.025099839025868332e-03
1.023843067423433565e-03
1.022587657283452640e-03
1.021333611198575611e-03
1.020080927838437190e-03
1.018829607591178283e-03
1.017579648140125781e-03
1.016331048365264143e-03
1.015083807018773163e-03
1.013837924363461497e-03
1.012593397828187927e-03
1.011350226066993954e-03
1.010108407797127893e-03
1.008867946134173275e-03
1.007628836998787332e-03
1.006391084464405665e-03
1.005154678269139061e-03
1.003919622221069625e-03
1.002685915088695695e-03
1.001453555274925238e-03
1.000223143802203823e-03
9.989940260462122894e-04
9.977656995420803622e-04
9.965387166654560841e-04
9.953130753420941657e-04
9.940887777343146263e-04
9.928658198586257609e-04
9.916441986775961521e-04
9.904239219636656096e-04
9.892049818172026637e-04
9.879878966161522672e-04
9.867716184692883717e-04
9.855566740837339891e-04
9.843430620958997564e-04
9.831307806385570797e-04
9.819198299391217015e-04
9.807102113463779872e-04
9.795019207833055314e-04
9.782949562249377683e-04
9.770893178558529620e-04
9.758850075236694165e-04
9.746820208852302212e-04
9.734803571342144374e-04
9.722800158634744422e-04
9.710809920086689280e-04
9.698832876470592180e-04
9.686869021072581042e-04
9.674918354199036220e-04
9.662980849059187591e-04
9.651056550930934425e-04
9.639145392911393747e-04
9.627247320247493906e-04
9.615362376187782008e-04
9.603490502988958977e-04
9.591631819637759342e-04
9.579786175432725495e-04
9.567953608816813938e-04
9.556134126746791647e-04
9.544327692447947742e-04
9.532534306732358322e-04
9.520753959266667040e-04
9.508986656507949437e-04
9.497232361878481157e-04
9.485491075632972733e-04
9.473762784435432781e-04
9.462047490945271538e-04
9.450345149553280319e-04
9.438655773698055064e-04
9.426979334952992253e-04
9.415315874547947788e-04
9.403670839423110056e-04
9.392034852741138612e-04
9.380410146555925215e-04
9.368798363665797792e-04
9.357199497562405629e-04
9.345613459430125031e-04
9.334040277647943527e-04
9.322479966922217910e-04
9.310938637279656937e-04
9.299404022658156865e-04
9.287882243001800448e-04
9.276373246431305567e-04
9.264877057644497387e-04
9.253394353414443833e-04
9.241923708171682081e-04
9.230465866032897719e-04
9.219022115882298442e-04
9.207589789487501163e-04
9.196170207647500145e-04
9.184763306023487669e-04
9.173369172059059936e-04
9.161987718489687576e-04
9.150618992140575978e-04
9.139262931990916510e-04
9.127919570717377617e-04
9.116588852297715165e-04
9.105270800569160170e-04
9.093965409718943746e-04
9.082672646817200462e-04
9.071392508884094973e-04
9.060124983342478754e-04
9.048870066746548049e-04
9.037627740604998452e-04
9.026403356131045995e-04
9.015186180238226807e-04
9.003981524361866738e-04
8.992789455914835780e-04
8.981609937786872236e-04
8.970442931354196368e-04
8.959288447291344519e-04
8.948146443454570512e-04
8.937016982520876607e-04
8.925899976136895215e-04
8.914795452153194324e-04
8.903704081904275595e-04
8.892624477673707461e-04
8.881557302158053129e-04
8.870502595327148850e-04
8.859460307892319270e-04
8.848430430417969722e-04
8.837417856555017642e-04
8.826412728917946461e-04
8.815419997295346251e-04
8.804439626070009045e-04
8.793471639368972016e-04
8.782515987480313301e-04
8.771572683378252040e-04
8.760641687531465138e-04
8.749723014388120735e-04
8.738816637524327545e-04
8.727922550006929261e-04
8.717040768708398269e-04
8.706171240650016152e-04
8.695313978029151677e-04
8.684468971406474015e-04
8.673636189076948519e-04
8.662815659310689302e-04
8.652007341536782766e-04
8.641211234676079121e-04
8.630427324551059615e-04
8.619656580217857330e-04
8.608897035954705046e-04
8.598149652266721130e-04
8.587414445187243435e-04
8.576691385318254736e-04
8.565980494560256195e-04
8.555281693647255169e-04
8.544595001050986219e-04
8.533920399976371645e-04
8.523257886539378596e-04
8.512607491350493005e-04
8.501969145363223257e-04
8.491342851257690019e-04
8.480728598855769755e-04
8.470126382869200233e-04
8.459536217164751598e-04
8.448958072771596377e-04
8.438391932876207003e-04
8.427837789246696082e-04
8.417295595260125898e-04
8.406765411949416707e-04
8.396247197517452609e-04
8.385740940767234331e-04
8.375401499423495598e-04
8.364918947904166451e-04
8.354448314030107469e-04
8.343989595875294209e-04
8.333542784045996302e-04
8.323107862654683742e-04
8.312684809454271712e-04
8.302273633331064447e-04
8.291874317165706968e-04
8.281486859009754616e-04
8.271111237286409967e-04
8.260747458956003769e-04
8.250395467967913980e-04
8.240055296366336456e-04
8.229726915209818012e-04
8.219410294236788490e-04
8.209105489110486665e-04
8.198812441116982552e-04
8.188531200391576791e-04
8.178261651117212918e-04
8.168003838828634443e-04
8.157757731349767494e-04
8.147523352544161013e-04
8.137300683307469073e-04
8.127089705383056320e-04
8.116890403402746189e-04
8.106702773350715633e-04
8.096526796788713507e-04
8.086362471528396991e-04
8.076209789133519589e-04
8.066068731806219595e-04
8.055939291176829201e-04
8.045821458008108528e-04
8.035715226401042577e-04
8.025620586133978178e-04
8.015537517729213546e-04
8.005466003882897186e-04
7.995406043962608551e-04
7.985357643434918846e-04
7.975320771928109476e-04
7.965295427438266913e-04
7.955281577788635324e-04
7.945279422206654807e-04
7.935288587896065357e-04
7.925309209308725256e-04
7.915341314179361997e-04
7.905384882689693365e-04
7.895439906180012294e-04
7.885506358710667966e-04
7.875584240740839516e-04
7.865673542320857818e-04
7.855774265632252569e-04
7.845886379885087195e-04
7.836009889429809651e-04
7.826144808626448943e-04
7.816291057803520818e-04
7.806448651707440086e-04
7.796617599278465221e-04
7.786797882337597333e-04
7.776989508292094823e-04
7.767192431245088487e-04
7.757406657912414979e-04
7.747635935246330145e-04
7.737872760973412345e-04
7.728120823563505801e-04
7.718380147631203649e-04
7.708650722764060241e-04
7.698932554881568989e-04
7.689225614919178563e-04
7.679529895616388170e-04
7.669845378838231623e-04
7.660172061856691458e-04
7.650509934464711122e-04
7.640858992752220646e-04
7.631219219205933203e-04
7.621590609137538505e-04
7.611973130073094399e-04
7.602366801742592179e-04
7.592771592693461262e-04
7.583187506174238071e-04
7.573614514433571043e-04
7.564052619090646731e-04
7.554501846535504380e-04
7.544962124061030222e-04
7.535433460332415217e-04
7.525915874888715069e-04
7.516409362055588572e-04
7.506913828642360282e-04
7.497429318732587531e-04
7.487955827715634446e-04
7.478493325563176364e-04
7.469041832932134554e-04
7.459601318575662544e-04
7.450171793763059628e-04
7.440753217198163355e-04
7.431345580598071364e-04
7.421948882294456722e-04
7.412563120280513248e-04
7.403188279118730732e-04
7.393824350151457754e-04
7.384471319899937360e-04
7.375129182891085539e-04
7.365797922972543979e-04
7.356477533313900792e-04
7.347167979501694314e-04
7.337869289550178874e-04
7.328581445121383356e-04
7.319304414649428292e-04
7.310038215643950002e-04
7.300782833693299527e-04
7.291538234239007500e-04
7.282304410989902995e-04
7.273081371715258434e-04
7.263869094482287283e-04
7.254667576319741079e-04
7.245476844652590752e-04
7.236296809667564466e-04
7.227127510299177554e-04
7.217968961929721811e-04
7.208821067816638612e-04
7.199683870525110021e-04
7.190557357642356900e-04
7.181441510573604008e-04
7.172336340437433528e-04
7.163241821226822318e-04
7.154157954674030548e-04
7.145084706689340407e-04
7.136022073678501346e-04
7.126970110096658186e-04
7.117928701988466200e-04
7.108897897533045587e-04
7.099877677641747500e-04
7.090868895163010511e-04
7.081869790866607848e-04
7.072881240795925563e-04
7.063903225242782174e-04
7.054935747443911477e-04
7.045978793980497718e-04
7.037032345421847948e-04
7.028096396051302383e-04
7.019170941637601583e-04
7.010255967081723254e-04
7.001351465256780426e-04
6.992457421458903467e-04
6.983573824940806068e-04
6.974700674773545977e-04
6.965838686215751344e-04
6.956986372262648297e-04
6.948144475766802322e-04
6.939312970409760792e-04
6.930491863098139829e-04
6.921681136308888279e-04
6.912880806778187812e-04
6.904090818736357020e-04
6.895311184987436498e-04
6.886541874792893869e-04
6.877782890425944385e-04
6.869034217131492030e-04
6.860295852706067192e-04
6.851567786817996204e-04
6.842850009568405894e-04
6.834142526066764884e-04
6.825445303972571369e-04
6.816758342464421857e-04
6.808081629475921373e-04
6.799415150367400231e-04
6.790758899677772206e-04
6.782112871582604563e-04
6.773477042144027387e-04
6.764851435037458859e-04
6.756236018386603754e-04
6.747631332386156604e-04
6.739036236698202169e-04
6.730451300996398737e-04
6.721876514449608890e-04
6.713311867744198779e-04
6.704757353365029720e-04
6.696212955585796904e-04
6.687678657696815481e-04
6.679154458505457640e-04
6.670640357442036939e-04
6.662139118116883543e-04
6.653645170795981006e-04
6.645161255237526116e-04
6.636687403935211940e-04
6.628223590841190787e-04
6.619769821339597637e-04
6.611326052306622843e-04
6.602892287673983555e-04
6.594468529859556869e-04
6.586054759531265613e-04
6.577650968730055364e-04
6.569257148412744338e-04
6.560873306286043238e-04
6.552499404435069242e-04
6.544135407686056324e-04
6.535781429454897914e-04
6.527437307973111289e-04
6.519103091874078925e-04
6.510782253073568943e-04
6.502467822972336602e-04
6.494163277962869581e-04
6.485868601794744564e-04
6.477584153091796391e-04
6.469309187497461911e-04
6.461044062175731349e-04
6.452788768557010017e-04
6.444543297147275595e-04
6.436307633865218179e-04
6.428081767695237444e-04
6.419865702848432092e-04
6.411659416897667104e-04
6.403462903595811846e-04
6.395276130202795896e-04
6.387099177655822810e-04
6.378931926214149659e-04
6.370774403335479437e-04
6.362626601224500439e-04
6.354488515375405046e-04
6.346360127137716045e-04
6.338241453783527565e-04
6.330132447189485345e-04
6.322033114320535583e-04
6.313943438841732730e-04
6.305863443596130191e-04
6.297793075002936902e-04
6.289732335712075245e-04
6.281681226407334184e-04
6.273639721036458746e-04
6.265607819946394713e-04
6.257585533948130689e-04
6.249572855246756124e-04
6.241569734956460254e-04
6.233576181736635727e-04
6.225592183079349485e-04
6.217617728887298760e-04
6.209652796073856541e-04
6.201697412539952008e-04
6.193751547058616450e-04
6.185815194754922365e-04
6.177888335731113352e-04
6.169970973529936018e-04
6.162063088364181382e-04
6.154164665088668329e-04
6.146275710494206092e-04
6.138396209079036809e-04
6.130526141835707533e-04
6.122665509324146885e-04
6.114814300542294060e-04
6.106972523774104175e-04
6.099140108355293344e-04
6.091317108140936265e-04
6.083506970082622114e-04
6.075702724516081343e-04
6.067907847993736633e-04
6.060122327236316638e-04
6.052346153814794566e-04
6.044579305876215860e-04
6.036821781552181420e-04
6.029073577988278577e-04
6.021334681767534719e-04
6.013605082329812014e-04
6.005884781774326444e-04
5.998173756232814957e-04
5.990471986464525984e-04
