1.000000000000000021e-02
1.000000000000000021e-02
9.999999999999998473e-03
1.000000000000000021e-02
9.999999999999998473e-03
1.000000000000000021e-02
1.000000000000000021e-02
1.000000000000000021e-02
1.000000000000000194e-02
9.999999999999998473e-03
1.000000000000000021e-02
1.000000000000000194e-02
1.000000000000000021e-02
1.000000000000000021e-02
1.000000000000000194e-02
1.000000000000000021e-02
1.000000000000000194e-02
1.000000000000000021e-02
1.000000000000000194e-02
1.000000000000000194e-02
1.000000000000000021e-02
1.000000000000000021e-02
1.000000000000000194e-02
9.999999999999998473e-03
1.000000000000000021e-02
1.000000000000000194e-02
9.999999999999998473e-03
1.000000000000000021e-02
1.000000000000000194e-02
1.000000000000000021e-02
1.000000000000000021e-02
1.000000000000000194e-02
1.000000000000000194e-02
1.000000000000000021e-02
1.000000000000000021e-02
1.000000000000000021e-02
1.000000000000000021e-02
9.999999999999998473e-03
1.000000000000000021e-02
1.000000000000000021e-02
1.000000000000000194e-02
1.000000000000000021e-02
1.000000000000000021e-02
9.999999999999998473e-03
1.000000000000000021e-02
1.000000000000000021e-02
1.000000000000000194e-02
1.000000000000000021e-02
1.000000000000000021e-02
9.999999999999998473e-03
1.000000000000000021e-02
1.000000000000000368e-02
1.000000000000000021e-02
1.000000000000000021e-02
1.000000000000000021e-02
1.000000000000000021e-02
1.000000000000000021e-02
1.000000000000000021e-02
1.000000000000000194e-02
1.000000000000000021e-02
1.000000000000000021e-02
1.000000000000000021e-02
1.000000000000000021e-02
1.000000000000000021e-02
1.000000000000000021e-02
1.000000000000000021e-02
1.000000000000000021e-02
1.000000000000000021e-02
1.000000000000000021e-02
1.000000000000000194e-02
1.000000000000000021e-02
1.000000000000000021e-02
9.999999999999998473e-03
1.000000000000000194e-02
9.999999999999998473e-03
1.000000000000000021e-02
1.000000000000000021e-02
1.000000000000000194e-02
1.000000000000000021e-02
1.000000000000000194e-02
1.000000000000000021e-02
9.999999999999998473e-03
1.000000000000000021e-02
1.000000000000000021e-02
1.000000000000000194e-02
1.000000000000000021e-02
1.000000000000000021e-02
1.000000000000000021e-02
9.999999999999998473e-03
1.000000000000000021e-02
1.000000000000000021e-02
1.000000000000000021e-02
1.000000000000000021e-02
1.000000000000000021e-02
9.999999999999998473e-03
1.000000000000000194e-02
1.000000000000000021e-02
1.000000000000000021e-02
1.000000000000000021e-02
1.000000000000000021e-02
