5.369909841218675414e-03
5.284031873859720493e-03
5.256137153958307176e-03
5.111732452098642285e-03
5.023072753180617654e-03
4.943892191666306168e-03
4.860446767483332133e-03
4.780087923562661816e-03
4.706501187097741033e-03
4.635677616678959140e-03
4.561829616931116320e-03
4.491008283816000542e-03
4.423050387741018531e-03
4.361194421605584307e-03
4.301924030280556213e-03
4.241395241318437689e-03
4.183723137061732926e-03
4.131644162587125475e-03
4.079145083116471338e-03
4.031807654423910994e-03
3.984384451788486499e-03
3.939596287191117312e-03
3.897349360757509408e-03
3.859144800845811223e-03
3.821578572161829154e-03
3.786339848584531747e-03
3.753341008127431769e-03
3.722495761581959099e-03
3.694717974491988546e-03
3.667882700231239659e-03
3.642975762396157176e-03
3.620512960343303787e-03
3.599188122420873479e-03
3.579563525089379111e-03
3.561563537317366610e-03
3.545113841106198056e-03
3.530144594228308303e-03
3.516584100988705795e-03
3.504367244849382074e-03
3.493429213928094142e-03
3.483952518404622844e-03
3.475375925355335925e-03
3.467895882297372667e-03
3.461456206157737490e-03
3.456082913796784412e-03
3.451562976807752772e-03
3.447926504273079052e-03
3.445072367438442931e-03
3.443068912568334784e-03
3.441810391515675790e-03
3.441255515562742073e-03
3.441364775632062625e-03
3.442100452684454612e-03
3.443426461110959610e-03
3.445308606120662132e-03
3.447714050828335625e-03
3.450611714438045312e-03
3.453971933967910080e-03
3.457766519522709713e-03
3.461968559666911503e-03
3.466552506370534394e-03
3.471388891645625120e-03
3.476665315958144074e-03
3.482111886661432183e-03
3.487986938077839577e-03
3.494144012807986685e-03
3.500553724711780602e-03
3.507198460920592491e-03
3.514061477036642574e-03
3.521126897687562596e-03
3.528379656924440517e-03
3.535805398975365270e-03
3.543390648489253177e-03
3.551122551430733413e-03
3.558988929797858407e-03
3.566978233130790443e-03
3.575079514140766090e-03
3.583282404084920172e-03
3.591577054423637349e-03
3.599954164295548781e-03
3.608404928264511650e-03
3.616775930314676448e-03
3.625186648099831908e-03
3.633815216025718456e-03
3.642303570777845508e-03
3.651015294125222518e-03
3.659554982811393225e-03
3.668325433062230665e-03
3.676858302274116624e-03
3.685666600174377847e-03
3.694481332083273967e-03
3.703028328989281699e-03
3.711549743290400334e-03
3.720377143093134102e-03
3.728867465603896009e-03
3.737316339020837520e-03
3.746086425742109569e-03
3.754476724712243856e-03
3.763214024758628710e-03
3.771922249809294379e-03
3.780599598744193053e-03
3.788874652433800796e-03
3.797492594102956469e-03
3.806072139985214580e-03
3.814225402517477763e-03
3.822307470986648602e-03
3.830791224282934729e-03
3.839224519627204568e-03
3.847162397061641270e-03
3.855512693884100960e-03
3.863809909129372645e-03
3.871589786860327263e-03
3.879793372754680291e-03
3.887935995353750292e-03
3.896020469586992160e-03
3.904043697263219221e-03
3.912005752628434051e-03
3.919906920917932101e-03
3.927326714561361551e-03
3.935113676783786631e-03
3.942839437384314596e-03
3.950070519275067360e-03
3.957212924693804049e-03
3.964265251853831863e-03
3.971224951732499862e-03
3.978694690077089723e-03
3.985509508170262741e-03
3.992863079478221888e-03
4.000146057875710731e-03
4.007358546038619629e-03
4.013926947997182616e-03
4.021019555785082696e-03
4.028044586193431191e-03
4.034996924397793450e-03
4.041877127679041962e-03
4.048685941700267896e-03
4.055423945113606141e-03
4.061577892735380654e-03
4.067639446241234566e-03
4.074206433659514036e-03
4.080121963934578780e-03
4.086568273218863824e-03
4.092940623831912983e-03
4.098657139860654650e-03
4.104908151571707436e-03
4.111090007656220680e-03
4.117191036482526281e-03
4.123230636067426458e-03
4.128644730293483563e-03
4.134564828914949128e-03
4.140415454114536493e-03
4.146193665515548327e-03
4.151360381752494839e-03
4.157023581073043123e-03
4.162617400998835232e-03
4.167592051357613819e-03
4.172479354242949849e-03
4.177279183346749997e-03
4.182665036479818639e-03
4.187328063006167701e-03
4.192601662889297934e-03
4.197807364606666487e-03
4.202286633299969279e-03
4.206681157107207761e-03
4.211732033060108620e-03
4.216710988293803815e-03
4.221628272475739727e-03
4.226482079281410585e-03
4.230608995862993049e-03
4.235352977002051697e-03
4.239351809189802547e-03
4.243991692346086621e-03
4.248563459064835096e-03
4.252394322522013922e-03
4.256862350119500378e-03
4.261267378964251479e-03
4.264932907938801324e-03
4.269238234847880578e-03
4.273478814062202889e-03
4.276981792600259742e-03
4.280407680744258668e-03
4.283755516774982383e-03
4.287829188684944351e-03
4.291840359940879077e-03
4.295784832904487108e-03
4.299674513926008378e-03
4.302791060667250124e-03
4.306588153709269354e-03
4.310322428642925086e-03
4.313999809027312810e-03
4.317618186102153283e-03
4.320513557995759625e-03
4.324044841784171860e-03
4.326833953575838498e-03
4.330278453598747010e-03
4.333662562333082287e-03
4.336998041841017525e-03
4.340279798655932893e-03
4.343507161622600643e-03
4.346684692144348744e-03
4.349810843168158518e-03
4.352889804365971810e-03
4.355920627060584117e-03
4.358896412553978084e-03
4.361827472549931022e-03
4.364709167041554670e-03
4.367544174625970048e-03
4.370329506774145271e-03
4.372548076726749493e-03
4.375256015942241561e-03
4.377917845675850794e-03
4.380537110450949054e-03
4.383111868200931585e-03
4.385641631331243379e-03
4.388125367069532420e-03
4.390565536808044116e-03
4.392964729782841866e-03
4.395326763781430210e-03
4.397638392451020187e-03
4.399917263131541446e-03
4.402154537575638654e-03
4.404352090727202927e-03
4.406510050622164214e-03
4.408623716940786655e-03
4.410703723379681002e-03
4.412745152084376378e-03
4.414352713490166114e-03
4.416322706266538611e-03
4.417844968640331771e-03
4.419312242975316843e-03
4.420725547074050472e-03
4.422581285661081676e-03
4.423913920928894579e-03
4.425194596139049065e-03
4.426971700717008754e-03
4.428717996840657312e-03
4.430423025038171363e-03
4.432090998187187061e-03
4.433721343968063944e-03
4.435325320004570963e-03
4.436883061581866315e-03
4.438416627199201145e-03
4.439917549883322725e-03
4.441377787477911697e-03
4.442809843068331981e-03
4.444213193241632574e-03
4.445585198197029263e-03
4.446494057187114039e-03
4.447813243778520921e-03
4.449099820185626643e-03
4.450352353735033753e-03
4.451570168187905623e-03
4.452761540060142832e-03
4.453512897109066469e-03
4.454664073055277645e-03
4.455779753964074323e-03
4.456865805930088249e-03
4.457919842051539898e-03
4.458543477259884098e-03
4.459115200858436261e-03
4.459638337833021250e-03
4.460112590154242766e-03
4.460540017478295538e-03
4.461495474490415926e-03
4.461859313289348768e-03
4.462772194233603426e-03
4.463658789713126178e-03
4.464516035053846948e-03
4.464782977584998667e-03
4.465005413605187615e-03
4.465812530639517997e-03
4.466584447245562639e-03
4.467341799841205094e-03
4.468072680034970191e-03
4.468766337936583115e-03
4.469449456850994006e-03
4.470105889115115992e-03
4.470738953003116668e-03
4.471348496084015002e-03
4.471931635847435638e-03
4.471956684215573977e-03
4.472504197113277499e-03
4.473029745615851073e-03
4.473526256862699751e-03
4.474006294657916112e-03
4.474466378604466214e-03
4.474891617069109290e-03
4.474798101496676832e-03
4.475204991170072220e-03
4.475053093875951821e-03
4.475427020666247931e-03
4.475777175747331846e-03
4.476100721783573232e-03
4.476405299732706677e-03
4.476689074686115641e-03
4.476446030096444678e-03
4.476156593349784468e-03
4.476412898958261923e-03
4.476643769972540356e-03
4.476854655193408805e-03
4.477046998621107832e-03
4.477213817156445660e-03
4.477363292194899182e-03
4.477488006921897905e-03
4.477599933124020402e-03
4.477692441773475571e-03
4.477764051255032733e-03
4.477815978921540624e-03
4.477848977739042058e-03
4.477863819622416273e-03
4.477436591828924846e-03
4.476960014807094233e-03
4.476437809977953410e-03
4.475870315277568658e-03
4.475852936902461644e-03
4.475823473340956142e-03
4.475201608346147594e-03
4.475151734254174084e-03
4.475080962664474381e-03
4.474404420493247395e-03
4.474309575246578768e-03
4.474197173418362206e-03
4.473469383443667326e-03
4.472697963511668325e-03
4.472583188283514241e-03
4.472446008501329562e-03
4.471623883385084791e-03
4.471475301122831460e-03
4.471310943471336688e-03
4.470438526190051789e-03
4.470251021479371839e-03
4.470055063463086904e-03
4.469842916569003767e-03
4.469610968854908356e-03
4.469357192963892451e-03
4.468432313095407719e-03
4.468165523411992204e-03
4.467195267765376905e-03
4.466923342342638860e-03
4.466637270367784449e-03
4.466327801837905072e-03
4.466003197391773573e-03
4.465666539436702852e-03
4.465312691424951942e-03
4.464944522037072629e-03
4.463928249966360798e-03
4.463548577553634600e-03
4.463155002654317638e-03
4.462745252086973424e-03
4.462322775270785406e-03
4.461266002511952641e-03
4.460163328154531821e-03
4.459734530755776055e-03
4.459289476803872387e-03
4.458835413619824557e-03
4.457694043995040142e-03
4.456507743429528184e-03
4.455275638399353207e-03
4.454000763115042137e-03
4.453559797301927768e-03
4.452243462005582922e-03
4.450885680546228657e-03
4.450437205994136475e-03
4.449980246692332442e-03
4.448586605066232394e-03
4.448117994914463011e-03
4.447634236896900323e-03
4.447149958179773439e-03
4.446645864428608493e-03
4.446130459962890219e-03
4.445603260009450830e-03
4.445063924156562873e-03
4.444511060049184323e-03
4.443933022786542356e-03
4.443348788605914687e-03
4.442745306717916370e-03
4.441345488091827561e-03
4.440740480856494692e-03
4.439299991303114964e-03
4.437815067999231582e-03
4.436285525397675768e-03
4.435700882997081589e-03
4.435103427789320596e-03
4.434491455400857256e-03
4.432934353260331063e-03
4.432324792624548968e-03
4.430727706250223857e-03
4.430115129650339170e-03
4.429489592566357957e-03
4.428852624559584221e-03
4.428205088923891850e-03
4.427548533194611627e-03
4.426880745148671290e-03
4.425275789088158745e-03
4.424605509553962250e-03
4.423914547196188679e-03
4.423213105747485913e-03
4.421583342135395299e-03
4.420883908651147831e-03
4.420160729927160616e-03
4.419439663364776137e-03
4.417788708021479736e-03
4.417074789925704709e-03
4.416340230655457777e-03
4.414658742599394427e-03
4.413933645748006375e-03
4.413182995659676970e-03
4.412427847625139364e-03
4.411663068420296034e-03
4.410889482865574217e-03
4.410100734138393437e-03
4.408424764119378211e-03
4.407641795689827731e-03
4.406845927566533511e-03
4.405140782345692667e-03
4.404346750181458575e-03
4.402602952484818699e-03
4.400809365016787947e-03
4.400034427891994990e-03
4.399242494575982855e-03
4.398440002843403453e-03
4.397635034965534373e-03
4.396815235119512499e-03
4.395026643634756397e-03
4.394208592067008409e-03
4.393380873161344125e-03
4.392544907250261858e-03
4.391697632993180403e-03
4.389903333684923997e-03
4.389062068021950917e-03
4.388203072590445182e-03
4.387339063454365543e-03
4.386465944508175646e-03
4.384667269430488415e-03
4.383796169524944129e-03
4.382917494804415386e-03
4.382026381874742568e-03
4.381126204492966775e-03
4.380215004361951575e-03
4.379296957029685938e-03
4.378366947202927059e-03
4.377425726660537190e-03
4.376473298450671810e-03
4.375511918247499202e-03
4.374543713129445954e-03
4.372828909711940805e-03
4.371863905557825912e-03
4.370887150636519267e-03
4.369148247181135584e-03
4.368177998990879600e-03
4.366401636501269883e-03
4.365436835263010983e-03
4.364460282742199139e-03
4.362660004036955641e-03
4.360807506665499017e-03
4.359856410896281904e-03
4.358899389591819155e-03
4.357022744669149586e-03
4.356069183140528524e-03
4.355106111885644928e-03
4.353205697594930354e-03
4.352249886474534278e-03
4.351287381880485257e-03
4.350312036965300888e-03
4.348403567662669292e-03
4.347438656450527961e-03
4.346465644187548667e-03
4.345480237431977380e-03
4.343563256628348718e-03
4.342584415721504124e-03
4.341597028225982306e-03
4.340598757363472483e-03
4.339589683185376794e-03
4.337681636763342924e-03
4.336681261286541231e-03
4.334734529337958692e-03
4.333742294389853443e-03
4.332741894338311070e-03
4.331732300968556097e-03
4.330713936061460906e-03
4.329686310037605956e-03
4.328645963615283809e-03
4.326742125263155492e-03
4.325709714152335857e-03
4.324668235854667656e-03
4.323617039368256136e-03
4.322560256823453594e-03
4.321492288482103351e-03
4.319615748430658334e-03
4.318555253954352302e-03
4.317481678931686662e-03
4.316403397117243509e-03
4.315316163869757637e-03
4.313451628332199903e-03
4.311534275664253256e-03
4.310473306016544132e-03
4.309402951164251899e-03
4.308323480247164272e-03
4.306402825670256097e-03
4.304426669577617395e-03
4.302392942514701203e-03
4.301364286715526550e-03
4.300329232683561959e-03
4.299280196430621710e-03
4.298222731810802909e-03
4.297154338833130902e-03
4.296071823072148896e-03
4.294091956010173683e-03
4.293024385904449340e-03
4.291005799798015656e-03
4.288928415826277936e-03
4.287896529887239364e-03
4.285778067718356600e-03
4.283596498470082677e-03
4.281352694472316880e-03
4.279044352494303788e-03
4.278094039730904845e-03
4.275744104470035646e-03
4.274806289942492676e-03
4.272412713355623441e-03
4.271488894534661122e-03
4.270551150511752402e-03
4.268136539505011477e-03
4.267215422966114807e-03
4.266283025991485928e-03
4.265339911622490106e-03
4.264385560875893350e-03
4.261993073263999413e-03
4.261051819600946214e-03
4.260103996971180418e-03
4.259143916443369933e-03
4.256752230786768100e-03
4.255807356567423497e-03
4.254852395771149300e-03
4.252438716903816571e-03
4.249958854053131896e-03
4.249042620929540173e-03
4.248114878285476348e-03
4.247176361408367719e-03
4.246231157346937179e-03
4.245273610256789475e-03
4.244302527377656446e-03
4.243320452048158532e-03
4.242330184981840495e-03
4.241325432905542793e-03
4.238985157579435413e-03
4.237996403735371474e-03
4.236991811829357926e-03
4.235976116770097735e-03
4.234948091999657556e-03
4.233914045207407342e-03
4.231626390103444824e-03
4.230606536740164070e-03
4.228273558502887441e-03
4.225871972922105695e-03
4.224896021970390471e-03
4.223908695538755240e-03
4.221486853419996986e-03
4.218995168283327067e-03
4.218053280402459318e-03
4.217097621640176347e-03
4.216131305480827832e-03
4.213643971509643121e-03
4.212696729909028333e-03
4.211735227148092307e-03
4.210764383055473278e-03
4.209779099693349361e-03
4.207321750019121440e-03
4.206351342550585654e-03
4.205376561079808735e-03
4.202899324293134405e-03
4.201939158043138493e-03
4.200963067568272424e-03
4.198465012183217292e-03
4.197508840436912740e-03
4.196540810815048254e-03
4.195561779493636734e-03
4.194573936285299343e-03
4.193571601940846230e-03
4.191131034821029590e-03
4.190147765606802750e-03
4.189149825795837612e-03
4.188144980024753605e-03
4.187123227829741244e-03
4.186089551692747518e-03
4.183709652066114511e-03
4.182694595727528761e-03
4.181666536310556410e-03
4.180627752546517417e-03
4.179576122937097953e-03
4.178513301179065213e-03
4.176193707764020054e-03
4.175150949058848739e-03
4.172785412286370010e-03
4.171758295846434393e-03
4.169346051303302741e-03
4.168335698690046366e-03
4.167317366653343347e-03
4.166285038147806569e-03
4.165242741410199283e-03
4.164182357367675162e-03
4.161833062816564649e-03
4.160800463904892020e-03
4.158404323695207017e-03
4.157379484026509954e-03
4.154936421585792017e-03
4.153928571036074636e-03
4.152910432359208440e-03
4.150447608235001244e-03
4.147906860823226752e-03
4.146933967409526835e-03
4.145955957715843042e-03
4.144968739992518393e-03
4.142438135478380273e-03
4.141461893876111078e-03
4.138881650571723733e-03
4.137930025930217776e-03
4.136964520683497973e-03
4.134363689736098371e-03
4.131680710186938325e-03
4.130769839230349558e-03
4.129848876202870875e-03
4.127145537666103078e-03
4.126248285627472090e-03
4.123493795215580661e-03
4.122612331068993725e-03
4.121715648416701162e-03
4.120802897864647880e-03
4.119878052031934745e-03
4.117165685161886315e-03
4.116262626226832415e-03
4.115347059496023661e-03
4.112613725720189878e-03
4.111721922405572535e-03
4.110816311656849409e-03
4.109895722980605633e-03
4.108958826403491006e-03
4.108010265760978809e-03
4.107050964655155345e-03
4.106075869306819066e-03
4.103481739046880086e-03
4.102530162394230941e-03
4.101561860679846065e-03
4.098947528023618239e-03
4.096248242488691703e-03
4.095337437461410955e-03
4.094411651920411808e-03
4.093476686845501020e-03
4.092522979777961367e-03
4.089868794628006600e-03
4.088936965556882325e-03
4.086229240805003791e-03
4.083433470023279006e-03
4.080549677385377112e-03
4.077576495147265494e-03
4.076773122733294563e-03
4.073746000341513761e-03
4.072965687977765474e-03
4.069886389392234592e-03
4.069128306892923382e-03
4.068358499039058558e-03
4.067572592155976365e-03
4.066776472373211972e-03
4.065962058152825659e-03
4.065129572587341915e-03
4.064292899694093263e-03
4.063435778648810150e-03
4.062565002390681156e-03
4.061682211769415858e-03
4.058849801747842385e-03
4.055927111153666102e-03
4.052914814488863850e-03
4.049815220264008434e-03
4.049063062805483351e-03
4.048297125065092143e-03
4.045175714997443009e-03
4.044428024834147845e-03
4.041253426527586547e-03
4.037995763515575369e-03
4.034658658475385323e-03
4.031248055151103599e-03
4.030626696703305117e-03
4.029996802198726816e-03
4.026567334725465221e-03
4.023073822259269627e-03
4.022485223890733333e-03
4.018954696795418169e-03
4.015374606865639712e-03
4.011755243750887191e-03
4.008107703546055084e-03
4.004446135654522385e-03
4.003913398129645140e-03
4.003379694234991161e-03
4.002849281626592870e-03
3.999180369904707308e-03
3.995504973688765449e-03
3.994975043967836752e-03
3.994449751416514691e-03
3.993928628788127357e-03
3.990240805504997705e-03
3.986556138875951144e-03
3.982886605880097547e-03
3.982353224776598484e-03
3.981824009857883734e-03
3.978152056105221587e-03
3.974507503389362699e-03
3.973962858068204318e-03
3.973426698724834456e-03
3.972893844749857649e-03
3.972371115426079000e-03
3.968692402421483516e-03
3.968153471926645637e-03
3.967629216909020554e-03
3.967109407507221457e-03
3.966596996197005280e-03
3.966090376373011123e-03
3.965585347980086356e-03
3.965081460496722859e-03
3.964579248118306476e-03
3.960846280915583835e-03
3.960342117692795122e-03
3.959844422621171256e-03
3.959346515940747463e-03
3.958846828383289287e-03
3.958345310132662005e-03
3.954604918749726056e-03
3.954111159079697936e-03
3.953614529151726169e-03
3.953109727282905564e-03
3.952609048632438511e-03
3.952101964231782491e-03
3.951593413018532341e-03
3.947877847388552366e-03
3.947378716349015347e-03
3.946875044396841101e-03
3.943147245387580192e-03
3.942653121612868169e-03
3.942154635734999163e-03
3.941651166801519654e-03
3.941142160876227180e-03
3.940623235298335372e-03
3.936926794890886067e-03
3.936425498503376939e-03
3.932698349651272442e-03
3.932208839482966185e-03
3.931713413927899643e-03
3.931212100784182116e-03
3.930701393173019302e-03
3.930183707645841518e-03
3.929654380426216877e-03
3.929117268842509218e-03
3.928569209239340075e-03
3.924952741208337544e-03
3.921270251636127004e-03
3.920762950738967099e-03
3.917041887747724736e-03
3.916550660911413684e-03
3.912797196142279478e-03
3.912321786279288061e-03
3.911835119951073171e-03
3.908066789907253293e-03
3.907597371259269488e-03
3.907120199926820796e-03
3.906632055757881979e-03
3.902867346020989173e-03
3.899056525093576829e-03
3.898605368283707216e-03
3.898145900872418326e-03
3.894323186822575087e-03
3.893876041347032677e-03
3.890028341897843606e-03
3.889590801127679014e-03
3.889148552128834663e-03
3.888702938516478032e-03
3.884854874829426433e-03
3.884422053845005933e-03
3.883984854425756757e-03
3.883540884673273436e-03
3.883090556008242118e-03
3.879255982948501529e-03
3.878816264471223341e-03
3.878374501255692306e-03
3.877925706493445725e-03
3.877470068724771582e-03
3.877003346408565854e-03
3.876527151881315521e-03
3.876042122610721171e-03
3.875541392787768165e-03
3.871818798767834822e-03
3.871342968100545748e-03
3.867577282909094669e-03
3.863751165523789024e-03
3.863314395720360197e-03
3.859455558074730876e-03
3.855552757412544947e-03
3.855141999883852661e-03
3.854730589282494551e-03
3.854314541232465273e-03
3.853893975066778350e-03
3.853464740274222151e-03
3.849595678860581825e-03
3.849181691152465685e-03
3.848760716454023394e-03
3.848329732014373322e-03
3.847895127749471639e-03
3.847448803143414028e-03
3.843628092708177048e-03
3.839748677354496743e-03
3.839341705542597891e-03
3.835429956632218761e-03
3.835034257331977094e-03
3.831094953744321099e-03
3.827124309395250629e-03
3.826750171082986610e-03
3.826373283732272586e-03
3.825995336985364096e-03
3.825608582284532530e-03
3.825220508518338385e-03
3.821269985172472215e-03
3.820888295641937295e-03
3.820506819173346332e-03
3.820118871393654233e-03
3.819725024154344267e-03
3.819314929592894717e-03
3.815404602021229847e-03
3.811443666144306245e-03
3.807446043951695936e-03
3.803426115282201696e-03
3.803075237638784030e-03
3.802726387927221358e-03
3.802370044491397340e-03
3.802009741148931147e-03
3.801649850214952088e-03
3.797641267591053520e-03
3.793607405444068999e-03
3.789565100370901642e-03
3.789221247095549052e-03
3.788885057407020626e-03
3.788545544949802665e-03
3.788210674492330666e-03
3.787873120629174813e-03
3.783826581417374865e-03
3.783492295340734786e-03
3.783157875442524996e-03
3.782819549612267355e-03
3.778772042983622858e-03
3.778444285493862218e-03
3.778114089409138465e-03
3.777780854175305254e-03
3.777439969883865552e-03
3.777093508904384375e-03
3.773067045749236171e-03
3.769005964622998851e-03
3.768686844942295208e-03
3.768362447464993371e-03
3.764290551052972781e-03
3.763973735834689940e-03
3.759888759615110689e-03
3.755793892081753411e-03
3.751705224031356544e-03
3.747637411892215491e-03
3.747310745729378213e-03
3.746988856336448074e-03
3.746680353461468056e-03
3.746372110154403377e-03
3.742276414393471470e-03
3.741968176016208149e-03
3.741661835828248486e-03
3.741360965324597165e-03
3.737254914621415680e-03
3.733168987184023579e-03
3.732855873984660885e-03
3.732547698516506477e-03
3.732247963568159459e-03
3.731954713004045129e-03
3.731666068010148097e-03
3.731381078985083859e-03
3.727253445334218537e-03
3.726965137561596714e-03
3.726683531113783327e-03
3.726397188816872510e-03
3.726114908802813808e-03
3.725830742522228452e-03
3.725548980803430194e-03
3.721415562880399028e-03
3.717269785385761242e-03
3.713127520570862553e-03
3.712846841096415287e-03
3.708709071214212616e-03
3.708428215437065047e-03
3.704301480305580152e-03
3.704016635474061039e-03
3.703733249915350419e-03
3.703457463383328079e-03
3.703190931896441392e-03
3.702927177892973310e-03
3.702667033552957919e-03
3.702407125398952080e-03
3.702146577092130502e-03
3.701884817524941310e-03
3.701624512256107471e-03
3.701359626864022048e-03
3.701090822671575156e-03
3.700817158111576258e-03
3.696684389818940143e-03
3.696419187118656340e-03
3.696151491520030790e-03
3.692007450891755544e-03
3.691751666463776154e-03
3.691491040486754444e-03
3.687335693222995852e-03
3.687084187160180777e-03
3.686827185577623740e-03
3.686564571017717298e-03
3.686298280836943723e-03
3.682162922214537049e-03
3.681909124613912641e-03
3.677745896826462545e-03
3.673550269560413740e-03
3.673320524489961762e-03
3.673084854130892387e-03
3.672848198303311096e-03
3.672606650746338460e-03
3.672359801096251007e-03
3.672106764069406337e-03
3.667953365870083200e-03
3.663758982252934403e-03
3.663531062182816440e-03
3.663302002738772975e-03
3.663068072319245437e-03
3.658875814207057046e-03
3.658652515548165441e-03
3.654438258953012983e-03
3.654222252196504938e-03
3.654004667496763784e-03
3.653783023255966888e-03
3.653555538811205459e-03
3.653322226876390150e-03
3.653081271981211287e-03
3.652828722532544103e-03
3.652570496478534448e-03
3.648452320276279401e-03
3.648207353170096999e-03
3.647953326880029341e-03
3.643821338220286192e-03
3.639632484591922863e-03
3.635400624130381061e-03
3.635202718306576684e-03
3.634999382911771604e-03
3.634786507611160230e-03
3.634568561230362878e-03
3.634349578044157071e-03
3.634120764591835390e-03
3.629949959132306066e-03
3.625727595629518827e-03
3.625532986042516621e-03
3.625323425029663548e-03
3.621090134062567023e-03
3.620899835629763641e-03
3.616644037864823712e-03
3.612361912003225674e-03
3.612189879294546054e-03
3.607897929081707068e-03
3.603605801995919938e-03
3.603434215937301004e-03
3.603260414032394363e-03
3.603093502404410963e-03
3.602930370328941839e-03
3.602766077668851687e-03
3.602597148033584006e-03
3.602429478777808506e-03
3.602256512906134526e-03
3.602075436938309474e-03
3.601892314154763169e-03
3.601697069814310207e-03
3.597465261214174634e-03
3.593189678586195153e-03
3.588885293337972394e-03
3.584568911762151238e-03
3.584419392810334754e-03
3.584270259963859544e-03
3.584120863041994308e-03
3.579800159762392287e-03
3.579655034199192253e-03
3.579510142954969200e-03
3.575184312831359255e-03
3.575044317342290345e-03
3.574903548967636041e-03
3.574761684879218960e-03
3.574619839139837711e-03
3.574476745580255563e-03
3.574320310239252011e-03
3.574162943815161961e-03
3.574002713873548984e-03
3.573832084248156939e-03
3.569574637766677414e-03
3.565272586952650518e-03
3.565133488278578872e-03
3.564987335915887484e-03
3.560676707509016249e-03
