5.369909841218675414e-03
5.284031873859720493e-03
5.201185986495556780e-03
5.121025007002056456e-03
5.042958517465497698e-03
4.966719195312611218e-03
4.892227030288215373e-03
4.819481835957577058e-03
4.748516748871903226e-03
4.679376688163245854e-03
6.116485022672652448e-03
6.043087634577075720e-03
5.969522321970260892e-03
5.896090351702455885e-03
5.822956434013925285e-03
6.873182136872429439e-03
6.811671673852121717e-03
6.749732157312905365e-03
7.482722446781837032e-03
7.432668648068533647e-03
7.382618367368816437e-03
7.332254726506894429e-03
7.281472166271498077e-03
7.230246385422241934e-03
7.178606135083320100e-03
7.126585523171711199e-03
7.074225916221291502e-03
7.021573273541776607e-03
7.611606634089790151e-03
8.053907823038981492e-03
8.018048823502876843e-03
7.982064509191756987e-03
8.329596382625897855e-03
8.295627372027094756e-03
8.263921141249883778e-03
8.232732642840275353e-03
8.201459173549878814e-03
8.169893974893437799e-03
8.137969995464046369e-03
8.105670858396613054e-03
8.072999333008052530e-03
8.039966468712769071e-03
8.006587431393775642e-03
7.972880171397080454e-03
7.938865085391499238e-03
7.904564860169067259e-03
7.870020555097057002e-03
8.205170950445976608e-03
8.175017631272403842e-03
8.144515582812900112e-03
8.113676674637455496e-03
8.082514310915400041e-03
8.051043458108168502e-03
8.019280833227265121e-03
7.987255756458021619e-03
7.954978452251265653e-03
7.922461708746763101e-03
7.889739500290770396e-03
7.856838747635652709e-03
7.823788784075216135e-03
7.790621463913750475e-03
7.757390188157871520e-03
7.724096449881439133e-03
7.690797539530678031e-03
7.657536651373195342e-03
7.624360174925553374e-03
7.591317665343457616e-03
7.558461998448127821e-03
7.525890659247492891e-03
7.493625981623282944e-03
7.461690800370014177e-03
7.430189523982761932e-03
7.754711615704739866e-03
7.720765914069323797e-03
7.686613693743330269e-03
7.652275430367732820e-03
7.617783259502894366e-03
7.583152749637779057e-03
7.548397078417887728e-03
7.513553280968933955e-03
7.478649994180037314e-03
7.443717729668792270e-03
7.408788870280535489e-03
7.373897809386674787e-03
7.339080918937197599e-03
7.304376690665146180e-03
7.269825753072333384e-03
7.235470908530607440e-03
7.201357269481814712e-03
7.167532180989918261e-03
7.134045368657269091e-03
7.100949229314966818e-03
7.068344001501400409e-03
7.036246951929813961e-03
7.004666573326654051e-03
6.973709322586141637e-03
6.943439095114444133e-03
6.913922397604304812e-03
6.885227083415548614e-03
6.857423932172946116e-03
6.830584915977056144e-03
6.804784393147521836e-03
6.780098080854312856e-03
6.756603205841735932e-03
6.734377973583881641e-03
6.713629254011524959e-03
6.694190527620483798e-03
6.676408053743932910e-03
6.869760869592465673e-03
6.833671002431301184e-03
6.797715521518930652e-03
6.761933308522022519e-03
6.726351111576939733e-03
6.691016223732818881e-03
6.655919357807897618e-03
6.621107915493357546e-03
6.586637331846281578e-03
6.552517640190015473e-03
6.518751765360224562e-03
6.485397723406145266e-03
6.452489304073900228e-03
6.420061258907222394e-03
6.388190160519507596e-03
6.772586274904420986e-03
6.737906308279551296e-03
6.703375259984198364e-03
7.095812929800073693e-03
7.062827102109810878e-03
7.029901605594909147e-03
6.997065809805643778e-03
6.964319392502037014e-03
6.931704617688655770e-03
6.899218833594298120e-03
6.866895200712355186e-03
6.834756211363754615e-03
7.192113617053432634e-03
7.160740244404412147e-03
7.129420149476377484e-03
7.098171313539814245e-03
7.067012458944626346e-03
7.035963026014406020e-03
7.005043185501785667e-03
6.974273966602051456e-03
6.943677222834826641e-03
6.913275681950326913e-03
6.883092937323640088e-03
6.853153534667046597e-03
6.823483016595845337e-03
6.794107891806700286e-03
7.122667754392178127e-03
7.092571478192293694e-03
7.062565112356456419e-03
7.032665774876989406e-03
7.002891245913266983e-03
7.324875469957184068e-03
7.296177463973398808e-03
7.267530082208091373e-03
7.238949576143654217e-03
7.210453027184238715e-03
7.182058253672762328e-03
7.153783855525411295e-03
7.125649346738391864e-03
7.097675134991121917e-03
7.069882549577096061e-03
7.042293954944278851e-03
7.014932656076726565e-03
6.987823152087044992e-03
6.960991067418908704e-03
6.934463184482622840e-03
6.908267579387718411e-03
6.882433655237461811e-03
6.856992146135792825e-03
7.137971558979498872e-03
7.110293149390102888e-03
7.082727383268680281e-03
7.055290010158019910e-03
7.027997436946640565e-03
7.000866672573935467e-03
6.973915621374924406e-03
6.947162884955836691e-03
6.920627872373045705e-03
6.894330892436505501e-03
6.868293113422730550e-03
6.842536710388515131e-03
6.817084886752077313e-03
6.791961800285333667e-03
6.767192820030295403e-03
6.742804411270629343e-03
6.718824293332017507e-03
6.695281521314475938e-03
6.962644154650075336e-03
6.936244004610418214e-03
6.910003054364473492e-03
6.883935924564147345e-03
6.858057773865536624e-03
6.832384410077226022e-03
6.806932274171425060e-03
6.781718615808201255e-03
6.756761382357296015e-03
6.732079312229913987e-03
6.707691984072751239e-03
6.683619873574363907e-03
6.659909448266799863e-03
6.931217876805893449e-03
7.210433355538193104e-03
7.185548878817290576e-03
7.160774758813416574e-03
7.136124257396138024e-03
7.111611249905677203e-03
7.087250310308479233e-03
7.063056636393017992e-03
7.321823410111604272e-03
7.297754128909551483e-03
7.273782089245776038e-03
7.249920416850113430e-03
7.226182960428370779e-03
7.473722698063007923e-03
7.707891676507661223e-03
7.685591700351792482e-03
7.663328573827861596e-03
7.641114894121772347e-03
7.858557083872366039e-03
7.837223719683372725e-03
7.815908798182388123e-03
7.794624557810634485e-03
7.773384008642645997e-03
7.752201064651100676e-03
7.956038507431083609e-03
7.935522488403201971e-03
7.915015359563517053e-03
7.894528958313698844e-03
7.874075902225920187e-03
7.853669755353528611e-03
8.047151202883575175e-03
8.027421573585215644e-03
8.007692600533052388e-03
7.987975682160589758e-03
7.968283033976605867e-03
7.948627798097199215e-03
7.929024068890034097e-03
7.909486948938587725e-03
7.890032701721137742e-03
7.870678801983150771e-03
7.851444015047623695e-03
7.832348461018547384e-03
7.813413776340372152e-03
7.794663189958125904e-03
7.776121575293785254e-03
7.757815687176495764e-03
7.739774205563098274e-03
7.912279252200827423e-03
7.892620838952186732e-03
7.872998657749988999e-03
7.853424808793196821e-03
7.833912300760650926e-03
7.814475040528061356e-03
7.795127883674509220e-03
7.979956520495759195e-03
7.960850663463713006e-03
8.139346864269843621e-03
8.121133552363534250e-03
8.102923166368921834e-03
8.084726200554708669e-03
8.066553977328959693e-03
8.048418692792482995e-03
8.030333489796943197e-03
8.012312490607140583e-03
8.179201767681299265e-03
8.161513852718139603e-03
8.322196248542933217e-03
8.305413262904274077e-03
8.288617885235967722e-03
8.271819849407235220e-03
8.255029718807677108e-03
8.238265219555377175e-03
8.221526796909425436e-03
8.204833566117729002e-03
8.188208564442132562e-03
8.171651617017963026e-03
8.155187338114803022e-03
8.138834310362200522e-03
8.122612599849679885e-03
8.106543923114137989e-03
8.090651780189828460e-03
8.074961584800446207e-03
8.059500797578488321e-03
8.044299031770379277e-03
8.029388287074140651e-03
8.014803070977389796e-03
8.000580388456668066e-03
7.986790052126867615e-03
7.973418002768521001e-03
8.094069297539547431e-03
8.076880723003979426e-03
8.059732002705479945e-03
8.042634810902974871e-03
8.200426531305352387e-03
8.183759367541390203e-03
8.167108702835658776e-03
8.150484768449782480e-03
8.133892351497336651e-03
8.117348348451436033e-03
8.100873102711890830e-03
8.251794900053144657e-03
8.235613488944438024e-03
8.219447923072971743e-03
8.203308431785748950e-03
8.187206100103178175e-03
8.171152910623969562e-03
8.155161833775284239e-03
8.139238687368132927e-03
8.123415476913004030e-03
8.107688953094263282e-03
8.092086027460834025e-03
8.076625715924587445e-03
8.061328614750193008e-03
8.046216917983482764e-03
8.031314690161885442e-03
8.016647911538121035e-03
8.002244593759588742e-03
7.988134958913921391e-03
7.974351525938404989e-03
7.960929482529565185e-03
7.947935489715556023e-03
7.935354635168036588e-03
7.923256921572020134e-03
7.911688651868269487e-03
7.900741556661710838e-03
7.890434427403112891e-03
7.880824528610408733e-03
7.963655687091638832e-03
8.117844566745701512e-03
8.101807465425023974e-03
8.085808199751690767e-03
8.232915345508086055e-03
8.372235943446855802e-03
8.357442937332716301e-03
8.488347720042269118e-03
8.474247959029623800e-03
8.460147753341463323e-03
8.446055777506527099e-03
8.431981482042483905e-03
8.417935139914681925e-03
8.403927977387738724e-03
8.526841134951992571e-03
8.513122260874701752e-03
8.499403613376496289e-03
8.485693882163856602e-03
8.472002528673198279e-03
8.458339911401107844e-03
8.444717323490100180e-03
8.431147068136184142e-03
8.417642573975576623e-03
8.404218514702450557e-03
8.390890869439074362e-03
8.377677054869700837e-03
8.364596074206883877e-03
8.351668584165484674e-03
8.338917079939381014e-03
8.326366041593397105e-03
8.314059042637602162e-03
8.302011524175813631e-03
8.290234564664026098e-03
8.392700084816391223e-03
8.378701104346960443e-03
8.364727498352221222e-03
8.350788975647286533e-03
8.336896071005765393e-03
8.459958646286892120e-03
8.446327021912274080e-03
8.565455439236467974e-03
8.552409727526627883e-03
8.539365654499815605e-03
8.526331318469006215e-03
8.513315598678660931e-03
8.625886233785099930e-03
8.613280044964926815e-03
8.600669178010269741e-03
8.588064490194335932e-03
8.575474706474359513e-03
8.562909280610198764e-03
8.550378632456338140e-03
8.537894116714614401e-03
8.525468160335496204e-03
8.513114392936022706e-03
8.500847688411802133e-03
8.488684322339656516e-03
8.476642035279787282e-03
8.464740208650548339e-03
8.453000038288548124e-03
8.441444595621598254e-03
8.430099030867766602e-03
8.418990690086525577e-03
8.408149312566344513e-03
8.397607195420004472e-03
8.387399407071097560e-03
8.377563697301660187e-03
8.368141012918502153e-03
8.359175626777308812e-03
8.350714911000213167e-03
8.342809865090993274e-03
8.335515047614577150e-03
8.328888693050347583e-03
8.322992845375444537e-03
8.317893013469619332e-03
8.313658569397502918e-03
8.310362398405442275e-03
8.308080558332342838e-03
8.306892259127155245e-03
8.306879240906254666e-03
8.281537113471928307e-03
8.268312685723073693e-03
8.255166678870598171e-03
8.242111683350476781e-03
8.229161471598666830e-03
8.216330970523953725e-03
8.203636401596124672e-03
8.191095357589649531e-03
8.178726954833593146e-03
8.166551946792064212e-03
8.275918806729556584e-03
8.262563248932389137e-03
8.249254985146184382e-03
8.368856086447882744e-03
8.355838655510372526e-03
8.342855112868691539e-03
8.329914005728286663e-03
8.317024629490289006e-03
8.304197077365568086e-03
8.291442356874227648e-03
8.278772389152956601e-03
8.266200167990634881e-03
8.253739828175718496e-03
8.241406742814059994e-03
8.229217584426925733e-03
8.217190487197828172e-03
8.205345185410630598e-03
8.193703046236127871e-03
8.182287308670354795e-03
8.171123174076921902e-03
8.160237903385087962e-03
8.149661050391743614e-03
8.139424534201815734e-03
8.129562974565228764e-03
8.120113384713608176e-03
8.202630622806100780e-03
8.189626919822659210e-03
8.176691071691390492e-03
8.163833098374428943e-03
8.280796684793543042e-03
8.267965155583235914e-03
8.255181959526838517e-03
8.242455832342428582e-03
8.229796166748895234e-03
8.217213211088614591e-03
8.204718075538195224e-03
8.192322836522030610e-03
8.180040607150596693e-03
8.167885648090152453e-03
8.155873439488691215e-03
8.144020764045838828e-03
8.132345845268925191e-03
8.120868502421784568e-03
8.109610160644790608e-03
8.098594090389130834e-03
8.087845492134562025e-03
8.077391631411745543e-03
8.067261999323390581e-03
8.057512970262987323e-03
8.048159226046498402e-03
8.039208772412221801e-03
8.030726090661528815e-03
8.022753815763387919e-03
8.015337769488399197e-03
8.008526978201578952e-03
8.002373674284662952e-03
7.996933367121450767e-03
7.992265030964878364e-03
7.988431208867439667e-03
7.985497477749072329e-03
7.983532714109689565e-03
7.982608985797400719e-03
7.982887320361418959e-03
7.984280617933364049e-03
7.986947484741199754e-03
7.990969082653384681e-03
7.996427875425352397e-03
8.003406872833018770e-03
8.011987661860519444e-03
8.022250691274405640e-03
8.034273266227033236e-03
8.048129400071419789e-03
8.063887907396340843e-03
8.081610056458448516e-03
8.101349000940723938e-03
8.123147868540524924e-03
7.789836244906373462e-03
7.778325881842737717e-03
7.889110310472567320e-03
7.876561270837068723e-03
7.864104092263492218e-03
7.851747746946122208e-03
7.839501899807326327e-03
7.827377073291678228e-03
7.815384605190621448e-03
7.803536718812305491e-03
7.791857489732149922e-03
7.780352554902452041e-03
7.769024887541411267e-03
7.757901987749758928e-03
7.747002007194056343e-03
7.736344584616684089e-03
7.725950887539990812e-03
7.715843778928830297e-03
7.706047932612161699e-03
7.696589916984449518e-03
7.687524741770639970e-03
7.678861696029990955e-03
7.670634482192952193e-03
7.662844909939132108e-03
7.655559703887208217e-03
7.722215766729161220e-03
7.710174406274084014e-03
7.698247320999736416e-03
7.686444154850990279e-03
7.674784343839853758e-03
7.663271907039571201e-03
7.651908550768956284e-03
7.640716422792351997e-03
7.629709806325250636e-03
7.618904096382049171e-03
7.608315926508420375e-03
7.597963280673048284e-03
7.587865539796813212e-03
7.578043613001453870e-03
7.568520043326735017e-03
7.559319232228492620e-03
7.550492757101055254e-03
7.542047823847661606e-03
7.534015159318541675e-03
7.526427796029797231e-03
7.519321106985791571e-03
7.512732972156137105e-03
7.506660649158544696e-03
7.501182868962203744e-03
7.496344704978180271e-03
7.492193756331621754e-03
7.488780777282717793e-03
7.512909852369067595e-03
7.501581588204677027e-03
7.490396242634807071e-03
7.479346896326942787e-03
7.592356020383120296e-03
7.580841829735393729e-03
7.569438991108119567e-03
7.558148371935209837e-03
7.672352616158300935e-03
7.660867668242270570e-03
7.649488509811870965e-03
7.638223580814983323e-03
7.627081928323870864e-03
7.616073446336317845e-03
7.605208788855311389e-03
7.713899589393732360e-03
7.702526796423758877e-03
7.691257450703899504e-03
7.680099994263500651e-03
7.790694417353458134e-03
7.779374857853176874e-03
7.768154246346971672e-03
7.757041026896614386e-03
7.865704857002428496e-03
7.854443044782393954e-03
7.843274751985372314e-03
7.832208312957233270e-03
7.821252707230962053e-03
7.810417702364616174e-03
7.799713908918659740e-03
7.789152728274659904e-03
7.778746640454160637e-03
7.768520538630261166e-03
7.758479741014021394e-03
7.748626668186521516e-03
7.738989836476595392e-03
7.729587764057747196e-03
7.820714055021204050e-03
7.809740034434536730e-03
7.798861956247310316e-03
7.788093999419486678e-03
7.777445593264088915e-03
7.766926970606648391e-03
7.756558646769188756e-03
7.746344947362999306e-03
7.846259300526627414e-03
7.835376925174664109e-03
7.824591723510720617e-03
7.929226403204508999e-03
7.918380607382593042e-03
7.907625763500004262e-03
8.010444410183680669e-03
7.999658555673227686e-03
7.988958282547226064e-03
7.978345733758268957e-03
7.967834847712379487e-03
7.957435238761904894e-03
7.947157350881766183e-03
7.937012504888242559e-03
7.927013025518974201e-03
7.917172287386621543e-03
7.907504816727719404e-03
7.898026319811936313e-03
7.888753885634119944e-03
7.976461047706492197e-03
7.965883477237221955e-03
7.955396378197530580e-03
7.945008186252018947e-03
7.934728012142195502e-03
7.924565802474813764e-03
7.914532327003259704e-03
7.904639274665033535e-03
7.894899372810654237e-03
7.987687367821117573e-03
7.977225237635729785e-03
7.966851498617116834e-03
7.956574398164913478e-03
7.946402853553359916e-03
7.936346584227633658e-03
7.926416144993222654e-03
8.020863358248721958e-03
8.119139266084344705e-03
8.108812240346501346e-03
8.098562689806455134e-03
8.088398498203233991e-03
8.078328277877643709e-03
8.068361347104828843e-03
8.058507896545471019e-03
8.048778972285723643e-03
8.039186565812943622e-03
8.029743787278029871e-03
8.020464860319794290e-03
8.011365239542803454e-03
8.002461718627718740e-03
7.993772533666539462e-03
7.985317478237221114e-03
7.977118018448012271e-03
7.969197405112591823e-03
7.961580822907847119e-03
7.954295570171772758e-03
8.020580911682218678e-03
8.010554494877907342e-03
8.000621114106595128e-03
7.990789457112613264e-03
7.981068986202360244e-03
8.073065885902732178e-03
8.063056114167362065e-03
8.053130220629098682e-03
8.043296321911874019e-03
8.033563184383306008e-03
8.023940405309489335e-03
8.014438405228405116e-03
8.005068478586938041e-03
7.995842969881638077e-03
7.986775261103040008e-03
7.977879938823631903e-03
7.969172850013585621e-03
7.960671164840059030e-03
7.952393550339194664e-03
7.944360265415978395e-03
7.936593233397322769e-03
7.929116191614019732e-03
7.921954934340488808e-03
7.915137175944350276e-03
7.908692996005856068e-03
7.902654640729310162e-03
7.897057000692854489e-03
7.891937609222255887e-03
7.887336587128089202e-03
7.883296830138762992e-03
7.879864554456331854e-03
7.877088641739768068e-03
7.875021268038453690e-03
7.873717719234337581e-03
7.873236613196407316e-03
7.873639398199660730e-03
7.853728314215092238e-03
7.945336394899306723e-03
7.935713773951240391e-03
7.926181339702154452e-03
7.916746984945564891e-03
7.907419288939518745e-03
7.898207570117611945e-03
7.889121988564380336e-03
7.880173551849256261e-03
7.871374226992848555e-03
7.862737058631816267e-03
7.854276180139721161e-03
7.846006971093874571e-03
7.837946087082672819e-03
7.830111583367162578e-03
7.822523037153007730e-03
7.815201663781841043e-03
7.808170380428199053e-03
7.874866641303107304e-03
7.865550947757040182e-03
7.856335817747726186e-03
7.847229742677352612e-03
7.838241951411546032e-03
7.829382495106331982e-03
7.820662264085924062e-03
7.812093090676014429e-03
7.803687882189325187e-03
7.795460624331005881e-03
7.787426488856076350e-03
7.779601925954413542e-03
7.772004762763464261e-03
7.764654317603204327e-03
7.757571510476428053e-03
7.750778933443695437e-03
7.744301122696995235e-03
7.738164385567894953e-03
7.732397290539020154e-03
7.786351533955344732e-03
7.777337085129717130e-03
7.768428416633879272e-03
7.759634085855301663e-03
7.846755258450075973e-03
7.837675299770290732e-03
7.926420824049193459e-03
7.917298340979405866e-03
7.908265884255071335e-03
7.899331142884852275e-03
7.890502466228764555e-03
7.881788931032951070e-03
7.873200462977816144e-03
7.956347415011335092e-03
7.947313511956615242e-03
7.938370184681409203e-03
7.929525304970487867e-03
7.920787389265647807e-03
7.912165727314297847e-03
7.903670448196850953e-03
7.895312529071484356e-03
7.975800815235262881e-03
7.966853016393059955e-03
7.957995225824779709e-03
7.949235321717727787e-03
7.940581832749996072e-03
8.023529618353078541e-03
8.109026598100789462e-03
8.100103181887889289e-03
8.091261511279547111e-03
8.082509236392620630e-03
8.073854675437960871e-03
8.065306880495301187e-03
8.056875762628550389e-03
8.048572075841781137e-03
8.040407545054296251e-03
8.032394991699529779e-03
8.107485839450806822e-03
8.098682583057336196e-03
8.089962918212866005e-03
8.171688522724047943e-03
8.162898286209680984e-03
8.154186262417541589e-03
8.145559989334054049e-03
8.137027694487982549e-03
8.128598317090686073e-03
8.120281674018769644e-03
8.112088409706310482e-03
8.104030143896762475e-03
8.096119594033262395e-03
8.169520201950728269e-03
8.250586169114206003e-03
8.241917491814524516e-03
8.233322465570229454e-03
8.312009017090674773e-03
8.303391019379271001e-03
8.294842756990605803e-03
8.286371546236714555e-03
8.277985393518537058e-03
8.269693022097129517e-03
8.261504011115201884e-03
8.253428777784049125e-03
8.245478705825402127e-03
8.317575307939117576e-03
8.309057386345070420e-03
8.300610731153058169e-03
8.377147272791945001e-03
8.368678198982326330e-03
8.360275445554428767e-03
8.351946253305479739e-03
8.426799468835059759e-03
8.418409982880665707e-03
8.410084499491512350e-03
8.401830268345915689e-03
8.393660427624710652e-03
8.466515470165492455e-03
8.458201425329102061e-03
8.449948697644737647e-03
8.441764428959004640e-03
8.433656464520581167e-03
8.425633364805848805e-03
8.496704518752817500e-03
8.488471499343031371e-03
8.480298182788019792e-03
8.472191696152868434e-03
8.464159830823223332e-03
8.456211115219783303e-03
8.448354914830745813e-03
8.440601457886621681e-03
8.432961958702420505e-03
8.425448694688707912e-03
8.491513887549533013e-03
8.483361638452764641e-03
8.475270650140757228e-03
8.467248122524716203e-03
8.459301940561499145e-03
8.451440724246249078e-03
8.443673940164611591e-03
8.512178301845274922e-03
8.504092935412441503e-03
8.496066816943474709e-03
8.488107006195825047e-03
8.480221229936080185e-03
8.472417947539919239e-03
8.464706460715251332e-03
8.457096912981472425e-03
8.449600437738909176e-03
8.442229235892589195e-03
8.434996661034690688e-03
8.427917314536632898e-03
8.421007156270947022e-03
8.414283618688957536e-03
8.407778793026531028e-03
8.401503128478577873e-03
8.395479677659432871e-03
8.389733556448732490e-03
8.384292086869042995e-03
8.379184957289525018e-03
8.374444376798413636e-03
8.370105221123542300e-03
8.366205190033840916e-03
8.362784950828223290e-03
8.359888274364412480e-03
8.357562135354389826e-03
8.370731419979238197e-03
8.362887463392431470e-03
8.355127282076933379e-03
8.347459577038160092e-03
8.339893888192916049e-03
8.332440628288636381e-03
8.325111178555170272e-03
8.317918025507589630e-03
8.310874790473158497e-03
8.303996374198145680e-03
8.297299002215747718e-03
8.290800444504087263e-03
8.284520015757674757e-03
8.278478772739850111e-03
8.272699646698715090e-03
8.267226187493566594e-03
8.262070574476467963e-03
8.257262709885580462e-03
8.252834935300322125e-03
8.248822291583218780e-03
8.245262561040387489e-03
8.242196466952605299e-03
8.239667780201678435e-03
8.237723437495535206e-03
8.247855516726562697e-03
8.318989124317737252e-03
8.311184020562776414e-03
8.303451093493022239e-03
8.295797583968944969e-03
8.288231399912500755e-03
8.280761182042448154e-03
8.273396412995905405e-03
8.266147426048569419e-03
8.259025528567671970e-03
8.252043105077223537e-03
8.245213676056940832e-03
8.238551989158307554e-03
8.232074146281277705e-03
8.225797694876347405e-03
8.219741776142782883e-03
8.213927213522554879e-03
8.208376710628019837e-03
8.203114846014786937e-03
8.198168338514475600e-03
8.240932855728268919e-03
8.233337508486588199e-03
8.225825029002941519e-03
8.218403339785280634e-03
8.211081056917181320e-03
8.203867678804481478e-03
8.196773526345324176e-03
8.189809896892727772e-03
8.182989142067808794e-03
8.176324730988159331e-03
8.169831365186805069e-03
8.163525074860863637e-03
8.157423319868432540e-03
8.151545136786104637e-03
8.145911221757288351e-03
8.140544068967974986e-03
8.135468117813666675e-03
8.130709931672043186e-03
8.126298163081855860e-03
8.122263879349202187e-03
8.118640572270711606e-03
8.115464367428295439e-03
8.112808055675806845e-03
8.110686051431316435e-03
8.109143975087794443e-03
8.108230598094338937e-03
8.107997912997192205e-03
8.108501186161144389e-03
8.109798958518479525e-03
8.111953000421305224e-03
8.115028200829443178e-03
8.119018016721815320e-03
8.124135150084949020e-03
8.130296377503625979e-03
8.045419048578200324e-03
8.038452905434921233e-03
8.031606154715148840e-03
8.024889415424948241e-03
8.018314317380691517e-03
8.011893528037307421e-03
8.005640850202128816e-03
7.999571313778533130e-03
7.993701276704295519e-03
7.988048525930565788e-03
7.982632406589730556e-03
7.977473923081982929e-03
7.972595843055648585e-03
7.968022841308321572e-03
7.963781656379337673e-03
8.001938045348296405e-03
7.994835553682789336e-03
7.987826348720437897e-03
7.980918489189138890e-03
7.974120759128879021e-03
7.967442787029523077e-03
7.960895027601045532e-03
7.954488882754882223e-03
8.016365654435265650e-03
8.009251705020183076e-03
8.002224390109089619e-03
7.995291213082723197e-03
7.988460330887466043e-03
7.981740658405069369e-03
7.975141902937436453e-03
7.968674675206960031e-03
8.031119495357416302e-03
8.024051378864532555e-03
8.017068945146034811e-03
8.010179644470007826e-03
8.003391580233908120e-03
7.996713607031509172e-03
8.061080649653636424e-03
8.054027147541413176e-03
8.047057263609684249e-03
8.113998148468937535e-03
8.106939300265902926e-03
8.099962510632163770e-03
8.093075106540070091e-03
8.086285075430918803e-03
8.150812726788456142e-03
8.143767004573960674e-03
8.136801544892758448e-03
8.129923627035811132e-03
8.123141165219772281e-03
8.116462797706568838e-03
8.109905333561061302e-03
8.103473230673884434e-03
8.097169080859514811e-03
8.091012590371511951e-03
8.085017215587663938e-03
8.079197617857043073e-03
8.073569821920248066e-03
8.068151210484000857e-03
8.118612025947061217e-03
8.111721040799222196e-03
8.104915463990253199e-03
8.169535055708542284e-03
8.162591199195238720e-03
8.155726127961787295e-03
8.148946962330445160e-03
8.142267481826169148e-03
8.135691446085089457e-03
8.129228370871125972e-03
8.122888636169993404e-03
8.116683617800485653e-03
8.175105137989026674e-03
8.240571890877844072e-03
8.233684405095790040e-03
8.226879569278866544e-03
8.220160730874457103e-03
8.213535984761936165e-03
