5.369909841218675414e-03
5.284031873859720493e-03
5.201185986495556780e-03
5.121025007002056456e-03
5.042958517465497698e-03
4.966719195312611218e-03
4.892227030288215373e-03
4.819481835957577058e-03
4.748516748871903226e-03
4.679376688163245854e-03
4.612109423824123020e-03
4.546759363185645664e-03
4.483322953081732114e-03
4.421917214128903879e-03
4.362526844418695808e-03
4.305170690216594473e-03
4.249860603678428696e-03
4.196600545840344261e-03
4.145388921600961195e-03
4.096217643232973916e-03
4.049073009217115174e-03
4.003935830461068102e-03
3.960782411242005224e-03
3.919584300707095771e-03
3.880309302776220517e-03
3.842921686117865658e-03
3.807382711889794290e-03
3.773650757458550230e-03
3.741682683576804617e-03
3.711432699273507774e-03
3.682853927200177135e-03
3.655898159871500894e-03
3.630516565959678293e-03
3.606659410535725547e-03
3.584276823476766766e-03
3.563318876786662152e-03
3.543735725264198205e-03
3.525477821132221197e-03
3.508496132832881684e-03
3.492742240590052290e-03
3.478168459697036745e-03
3.464728140623079839e-03
3.452375197023812344e-03
3.441064941049831565e-03
3.430753703495030386e-03
3.421399097131749573e-03
3.412959379333486629e-03
3.405395007452698911e-03
3.398666327241524517e-03
3.392736082549027872e-03
3.387567880743674355e-03
3.383126796356417630e-03
3.379378593233775627e-03
3.376290741127739147e-03
3.373831840278786968e-03
3.371971672699401040e-03
3.370681179935555976e-03
3.369932344219848334e-03
3.369698414079460354e-03
3.369953649335984906e-03
3.370673659590179595e-03
3.371834344865391655e-03
3.373413449346412095e-03
3.375388855846872538e-03
3.377740027891202104e-03
3.380447099122960673e-03
3.383491096628706528e-03
3.386853752349601020e-03
3.390517803822669894e-03
3.394466820910696254e-03
3.398684318682037263e-03
3.403155728980199711e-03
3.407866277954973121e-03
3.412801845242000552e-03
3.417949473087711788e-03
3.423296801383698702e-03
3.428831221778353300e-03
3.434541486987434909e-03
3.440416791754856082e-03
3.446446515656649036e-03
3.452620407479615582e-03
3.458929253773352502e-03
3.465363509794788365e-03
3.471914932513243263e-03
3.478575111489887444e-03
3.485335665775008470e-03
3.492189364079333665e-03
3.499128984608432767e-03
3.506147639239571689e-03
3.513238758232575375e-03
3.520396456152520993e-03
3.527614011475083133e-03
3.534886420461437473e-03
3.542207989940640653e-03
3.549573244959354761e-03
3.556977430138095076e-03
3.564415707314052412e-03
3.571883728062669704e-03
3.579377207870617326e-03
3.586892365700010583e-03
3.594424697845883653e-03
3.601970822153991933e-03
3.609527173929982357e-03
3.617090400881513637e-03
3.624657276511326735e-03
3.632224747396654418e-03
3.639789895564096885e-03
3.647349968514894403e-03
3.654902352264104409e-03
3.662444646251082538e-03
3.669974405373048823e-03
3.677489236837839202e-03
3.684986977214779486e-03
3.692465560080388561e-03
3.699923054828447699e-03
3.707357473091693525e-03
3.714767205417467653e-03
3.722150575027973179e-03
3.729506002891294896e-03
3.736831979048009685e-03
3.744127074375675195e-03
3.751389934728333302e-03
3.758619279527188658e-03
3.765813900663950338e-03
3.772972660093998863e-03
3.780094466165959469e-03
3.787178281721748346e-03
3.794223159033987148e-03
3.801228182615265169e-03
3.808192494312248426e-03
3.815115288874799948e-03
3.821995812413907321e-03
3.828833519521661170e-03
3.835627412362404946e-03
3.842377749594289103e-03
3.849082515166809583e-03
3.855741881990774455e-03
3.862355283423873388e-03
3.868922487823572235e-03
3.875443085535218348e-03
3.881916229856732185e-03
3.888341708305206607e-03
3.894719263149240291e-03
3.901048643893473104e-03
3.907329443411888988e-03
3.913561531295835748e-03
3.919745741918247844e-03
3.925880768567429832e-03
3.931965292387721612e-03
3.938000150677162248e-03
3.943985309475885569e-03
3.949920770874099790e-03
3.955806291413168849e-03
3.961641814029050017e-03
3.967427279407221251e-03
3.973162535367539931e-03
3.978847658589882048e-03
3.984482639957836851e-03
3.990067460901228560e-03
3.995602153481629323e-03
4.001086853199943907e-03
4.006521505725648725e-03
4.011906048384324304e-03
4.017240664193921264e-03
4.022525438256012095e-03
4.027760559549093712e-03
4.032946032510080492e-03
4.038081864977062854e-03
4.043168267443420470e-03
4.048205376881741126e-03
4.053193336649814869e-03
4.058132293775892387e-03
4.063022404143464689e-03
4.067863830527911756e-03
4.072656754266612729e-03
4.077401336796800113e-03
4.082097769132643668e-03
4.086746483208121561e-03
4.091347177823785597e-03
4.095900365510568401e-03
4.100406397201950166e-03
4.104864971671842548e-03
4.109276666311814999e-03
4.113641675962003731e-03
4.117960195016918783e-03
4.122232415353388815e-03
4.126458974352105458e-03
4.130639476217484903e-03
4.134774435207818483e-03
4.138864107320556866e-03
4.142908815418015062e-03
4.146908968866058927e-03
4.150864142656888675e-03
4.154775068635465675e-03
4.158641886001859800e-03
4.162465166547959193e-03
4.166244917794909887e-03
4.169981354181885765e-03
4.173674809834963459e-03
4.177325550317466905e-03
4.180933824178754282e-03
4.184500033592673633e-03
4.188024515971926036e-03
4.191507085742117965e-03
4.194948291470104555e-03
4.198348403376049760e-03
4.201707698513505555e-03
4.205026446637689236e-03
4.208304922583207264e-03
4.211543409882933901e-03
4.214742169652729853e-03
4.217901697669498157e-03
4.221022068124140499e-03
4.224103554951449263e-03
4.227146438026400943e-03
4.230150991385186847e-03
4.233117489933861492e-03
4.236045849492333162e-03
4.238936705935373098e-03
4.241790311643600306e-03
4.244606949924159892e-03
4.247386891624035585e-03
4.250130408158892502e-03
4.252837770741825160e-03
4.255509248513793079e-03
4.258145117238662861e-03
4.260745733448317515e-03
4.263311311818132610e-03
4.265842103740323348e-03
4.268338370503345011e-03
4.270800385029298318e-03
4.273228419299172215e-03
4.275622728718558342e-03
4.277983577060403761e-03
4.280311234566636265e-03
4.282605962261259482e-03
4.284868022040672075e-03
4.287097678173243387e-03
4.289295344689517640e-03
4.291461121324117306e-03
4.293595309026240238e-03
4.295698137531097326e-03
4.297769787735628358e-03
4.299810657996787529e-03
4.301820920402190697e-03
4.303800826457351326e-03
4.305750621591133281e-03
4.307670555650824386e-03
4.309560871957648052e-03
4.311421813891958346e-03
4.313253622304002131e-03
4.315056541545033916e-03
4.316830809469534604e-03
4.318576667305535667e-03
4.320294352399595313e-03
4.321984042786090711e-03
4.323645971774195927e-03
4.325280543604692433e-03
4.326887874098062775e-03
4.328468173302524487e-03
4.330021720920538414e-03
4.331548578884411062e-03
4.333049126929026593e-03
4.334523597705819582e-03
4.335972219714061618e-03
4.337395207183509897e-03
4.338792780830000653e-03
4.340165165308034617e-03
4.341512579680074403e-03
4.342835242082273249e-03
4.344133364824408552e-03
4.345407162305397336e-03
4.346656848808767154e-03
4.347882636913262544e-03
4.349084736248770740e-03
4.350263352896144645e-03
4.351418694531002281e-03
4.352550964702600958e-03
4.353660371840704577e-03
4.354747113092831932e-03
4.355811391471660875e-03
4.356853407448227009e-03
4.357873593163171314e-03
4.358871967380313281e-03
4.359848638086789505e-03
4.360803849716111610e-03
4.361737759189158667e-03
4.362650565105631595e-03
4.363542450032073007e-03
4.364413596700997787e-03
4.365264071030202329e-03
4.366094310752797678e-03
4.366904345523489606e-03
4.367694379477481646e-03
4.368464651286361501e-03
4.369215260292658165e-03
4.369946411694767240e-03
4.370658140026399685e-03
4.371350772486451083e-03
4.372024484062464987e-03
4.372679445295418570e-03
4.373315827048573738e-03
4.373933797466744537e-03
4.374533526896194971e-03
4.375115183309669260e-03
4.375678932018962040e-03
4.376224929385341862e-03
4.376753343642599339e-03
4.377264339606309722e-03
4.377758072083943672e-03
4.378234702456879068e-03
4.378694386373085251e-03
4.379137278404944891e-03
4.379563536275199974e-03
4.379973313868064030e-03
4.380366762685001213e-03
4.380744031398959605e-03
4.381105271535607089e-03
4.381450631559155075e-03
4.381780259008759802e-03
4.382094299348015566e-03
4.382392898800435699e-03
4.382676199372713931e-03
4.382944342963434291e-03
4.383197470563657619e-03
4.383435722790025510e-03
4.383659235582139553e-03
4.383868150883120200e-03
4.384062602103812323e-03
4.384242724815922559e-03
4.384408651852088161e-03
4.384560517041415778e-03
4.384698451985463187e-03
4.384822587160479117e-03
4.384933051881872643e-03
4.385029974591914473e-03
4.385113482119237273e-03
4.385183700406290221e-03
4.385240754325348163e-03
4.385284767643536120e-03
4.385315902872604678e-03
4.385334241735858174e-03
4.385339904627698522e-03
4.385333015971199129e-03
4.385313685935942653e-03
4.385282035782434203e-03
4.385238181779493004e-03
4.385182239644116672e-03
4.385114304878846847e-03
4.385034492601909244e-03
4.384942932342788223e-03
4.384839733042661912e-03
4.384725005982323918e-03
4.384598860640816394e-03
4.384461406325009317e-03
4.384312747935295747e-03
4.384153009655355517e-03
4.383982263794612699e-03
4.383800630871422140e-03
4.383608214586926129e-03
4.383405117455410789e-03
4.383191440841797785e-03
4.382967286458903239e-03
4.382732752356721488e-03
4.382487954341659532e-03
4.382232974768668354e-03
4.381967903917385887e-03
4.381692844049211999e-03
4.381407997723330526e-03
4.381114380933742204e-03
4.380811018931330542e-03
4.380497981273539544e-03
4.380175394889377315e-03
4.379842366782843791e-03
4.379500006501069360e-03
4.379148645863547781e-03
4.378788194132441670e-03
4.378418714283397427e-03
4.378040232614934836e-03
4.377652760264768780e-03
4.377256454927687043e-03
4.376851375030764435e-03
4.376437596882412802e-03
4.376015205546618381e-03
4.375584223585494807e-03
4.375144849427962078e-03
4.374697184604699023e-03
4.374241153119195341e-03
4.373777083009237204e-03
4.373304932942039328e-03
4.372824779841735440e-03
4.372336700166008609e-03
4.371840770358416048e-03
4.371337066060245261e-03
4.370825662358733023e-03
4.370306633811547534e-03
4.369780050760433375e-03
4.369245989361827606e-03
4.368704521879597860e-03
4.368155719792559191e-03
4.367599654109028014e-03
4.367036394958563605e-03
4.366466012068807162e-03
4.365888574222586208e-03
4.365304151267884042e-03
4.364712809640174107e-03
4.364114616097911070e-03
4.363509636865781256e-03
4.362897937821660736e-03
4.362279584183872440e-03
4.361654640421202579e-03
4.361023170526476082e-03
4.360385237744355928e-03
4.359740904483481137e-03
4.359090233313623122e-03
4.358433285784207162e-03
4.357770116484195946e-03
4.357100792318069696e-03
4.356425375669095365e-03
4.355743923037575654e-03
4.355056492994181447e-03
4.354363151717490985e-03
4.353663940538990244e-03
4.352958923221037467e-03
4.352248158202843588e-03
4.351531705048014391e-03
4.350809617172263569e-03
4.350081942077531003e-03
4.349348741104914692e-03
4.348610065176385271e-03
4.347865970155249775e-03
4.347116510719584506e-03
4.346361734360003337e-03
4.345601700952207887e-03
4.344836451536287017e-03
4.344066045224740345e-03
4.343290526145147067e-03
4.342509946808918199e-03
4.341724357678529087e-03
4.340933807320683339e-03
4.340138344240480200e-03
4.339338016559087310e-03
4.338532871907841912e-03
4.337722957509842700e-03
4.336908320067992505e-03
4.336089005872910233e-03
4.335265060253551753e-03
4.334436529159117236e-03
4.333603460669021266e-03
4.332765896006438022e-03
4.331923877017246696e-03
4.331077449934196688e-03
4.330226658184684226e-03
4.329371545297303232e-03
4.328512157098804089e-03
4.327648528457578823e-03
4.326780703866171633e-03
4.325908726056423154e-03
4.325032632001780258e-03
4.324152466285952068e-03
4.323268268711856488e-03
4.322380076361026675e-03
4.321487931936981303e-03
4.320591872921284229e-03
4.319691937998699181e-03
4.318788165398996202e-03
4.317880591027591086e-03
4.316969254283253669e-03
4.316054195185310347e-03
4.315135447782759981e-03
4.314213048637411708e-03
4.313287033678012486e-03
4.312357438682155875e-03
4.311424299088111381e-03
4.310487649997412664e-03
4.309547524973756684e-03
4.308603959675630021e-03
4.307656988190513778e-03
4.306706645253273111e-03
4.305752963394908484e-03
4.304795975758109010e-03
4.303835715083284032e-03
4.302872213981476755e-03
4.301905504546741157e-03
4.300935618798890255e-03
4.299962588251853533e-03
4.298986444252695695e-03
4.298007217726242807e-03
4.297024939354856035e-03
4.296039639544666118e-03
4.295051348412438040e-03
4.294060095788311028e-03
4.293065911218515995e-03
4.292068823968103394e-03
4.291068863023633773e-03
4.290066057095862258e-03
4.289060434622362326e-03
4.288052023770164319e-03
4.287040852438354054e-03
4.286026948343782048e-03
4.285010338774163791e-03
4.283991050839778582e-03
4.282969111509130240e-03
4.281944547264305255e-03
4.280917383520777171e-03
4.279887647340921766e-03
4.278855364578202508e-03
4.277820558932893778e-03
4.276783257656523868e-03
4.275743485871831735e-03
4.274701268457218803e-03
4.273656630054815421e-03
4.272609597534620003e-03
4.271560192592767889e-03
4.270508439168356311e-03
4.269454360983472932e-03
4.268397981535382649e-03
4.267339324098699468e-03
4.266278409238771427e-03
4.265215262277011025e-03
4.264149905809594063e-03
4.263082362241953083e-03
4.262012656632264106e-03
4.260940808376644656e-03
4.259866835824430674e-03
4.258790765651439963e-03
4.257712621246808639e-03
4.256632413851842330e-03
4.255550173500704560e-03
4.254465918035407052e-03
4.253379667840601237e-03
4.252291443259299114e-03
4.251201264765926656e-03
4.250109153427806229e-03
4.249015225117807291e-03
4.247919427450808430e-03
4.246821814328507853e-03
4.245722385610750313e-03
4.244621107246403235e-03
4.243517934743452381e-03
4.242412821066408532e-03
4.241305928705457057e-03
4.240197271054647714e-03
4.239086868771680013e-03
4.237974741814650760e-03
4.236860904114975873e-03
4.235745376850028575e-03
4.234628175704745721e-03
4.233512432186097713e-03
4.232391935123609034e-03
4.231269814404822402e-03
4.230146090168401124e-03
4.229020777238444613e-03
4.227893892076463843e-03
4.226765450764123459e-03
4.225635076832413850e-03
4.224503295424473191e-03
4.223370120710356369e-03
4.222235617188282650e-03
4.221099636025225400e-03
4.219962195875303669e-03
4.218823309983312474e-03
4.217686154405673148e-03
4.216544422671552293e-03
4.215401290896145410e-03
4.214256776688193352e-03
4.213110891671078932e-03
4.211963854495779681e-03
4.210815354968908131e-03
4.209665578037489857e-03
4.208514349151044887e-03
4.207361819783825632e-03
4.206208004716406428e-03
4.205052917086285307e-03
4.203896570371844742e-03
4.202738978146881334e-03
4.201580153519630934e-03
4.200420109861789653e-03
4.199258860134945891e-03
4.198096417345602641e-03
4.196932794311773914e-03
4.195768003730278133e-03
4.194602071666176865e-03
4.193434997215837907e-03
4.192266792286755347e-03
4.191097469554542349e-03
4.189927041050782106e-03
4.188755518842388927e-03
4.187582914679264211e-03
4.186409240457296746e-03
4.185234507746755581e-03
4.184058728108053064e-03
4.182881913055799643e-03
4.181704077362011392e-03
4.180525228860653558e-03
4.179345378594044244e-03
4.178164537449511814e-03
4.176982716818438898e-03
4.175799927199434422e-03
4.174616179068538560e-03
4.173431482972037379e-03
4.172245849429396386e-03
4.171059288763697380e-03
4.169871811403260027e-03
4.168683427578986390e-03
4.167494147426886557e-03
4.166303980989346720e-03
4.165112938216021694e-03
4.163921029184963589e-03
4.162728263442870037e-03
4.161534650665660827e-03
4.160340197347038235e-03
4.159144916188101115e-03
4.157948816554909478e-03
4.156751907773125962e-03
4.155554199153043554e-03
4.154355699780089978e-03
4.153156418724960816e-03
4.151956365057170306e-03
4.150755547600439715e-03
4.149553975177814637e-03
4.148351656531831279e-03
4.147148600438032434e-03
4.145944815366171647e-03
4.144740309820080237e-03
4.143535092226324941e-03
4.142329171015272406e-03
4.141122554674902916e-03
4.139915251104170531e-03
4.138707268477597942e-03
4.137498614796401158e-03
4.136289298102188358e-03
4.135079326594875114e-03
4.133868707825529704e-03
4.132657449487163286e-03
4.131445559270563103e-03
4.130233044517817899e-03
4.129019913129305941e-03
4.127806165212831620e-03
4.126591821093769132e-03
4.125376879973156885e-03
4.124161360447700653e-03
4.122945252440423855e-03
4.121728568891143245e-03
4.120511324054406017e-03
4.119293523174922221e-03
4.118075165406014961e-03
4.116856261180809953e-03
4.115636819551006693e-03
4.114416850990430113e-03
4.113196358795613398e-03
4.111975352295306127e-03
4.110753826359466075e-03
4.109531795450973787e-03
4.108309265852652485e-03
4.107086244242476314e-03
4.105862748109113773e-03
4.104638767826762104e-03
4.103414308928786738e-03
4.102189382649722681e-03
4.100963997578679389e-03
4.099738157381474513e-03
4.098511869313673124e-03
4.097285136393361005e-03
4.096057966539047752e-03
4.094830371361539434e-03
4.093602348413036274e-03
4.092374103219463544e-03
4.091145431561464541e-03
4.089916391124658566e-03
4.088686962491022876e-03
4.087457155055029649e-03
4.086226906731144255e-03
4.084996353450446455e-03
4.083765404249775632e-03
4.082534092223613804e-03
4.081302459046270807e-03
4.080070481946493875e-03
4.078838166865893060e-03
4.077605553033799950e-03
4.076372162168597109e-03
4.075138427199685200e-03
4.073904246294369168e-03
4.072669766024597168e-03
4.071435016064491735e-03
4.070199917339757147e-03
4.068964499863569374e-03
4.067728602988276120e-03
4.066492559851324698e-03
4.065256197266851890e-03
4.064019470959595419e-03
4.062782503927881220e-03
4.061545241921126967e-03
4.060307690904524543e-03
4.059069859240613774e-03
4.057831727006941218e-03
4.056593325762531364e-03
4.055354659733965104e-03
4.054115733221761581e-03
4.052876552247313378e-03
4.051637118673010081e-03
4.050397435550721209e-03
4.049157508644357813e-03
4.047917341799826992e-03
4.046497886778508725e-03
4.045257264960995004e-03
4.044016577673127319e-03
4.042775593271224002e-03
4.041534388359219188e-03
4.040292963853436316e-03
4.039051325446671448e-03
4.037809480430967421e-03
4.036567427520607043e-03
4.035325171507770856e-03
4.034082716998885210e-03
4.032840065038414100e-03
4.031597224406696829e-03
4.030354192908350633e-03
4.029110975613281811e-03
4.027867579466889482e-03
4.026624006014600625e-03
4.025380255780575817e-03
4.024136334584938086e-03
4.022892247518006226e-03
4.021647992547701736e-03
4.020403577212404260e-03
4.019159005577775667e-03
4.017914428687255866e-03
4.016669553526124731e-03
4.015424381737586930e-03
4.014179604140731029e-03
4.012934288369704103e-03
4.011688833198963182e-03
4.010443242065018024e-03
4.009197518031652231e-03
4.007951663390408627e-03
4.006705681821421533e-03
4.005459576282891475e-03
4.004213349772457048e-03
4.002967005126051130e-03
4.001720545191616955e-03
4.000473970974257644e-03
3.999227288851004043e-03
3.997980499767554534e-03
3.996733606058485225e-03
3.995486648147535125e-03
3.994239554734203140e-03
3.992992439957873847e-03
3.991745251593944131e-03
3.990497830612948181e-03
3.989250471258017593e-03
3.988003052835575706e-03
3.986755571560474110e-03
3.985507998816458473e-03
3.984260297885725520e-03
3.983012501408666507e-03
3.981764606642216979e-03
3.980516767519520945e-03
3.979268867132464138e-03
3.978020907956447520e-03
3.976772892639175196e-03
3.975524829577761765e-03
3.974277113194525819e-03
3.973029376546876462e-03
3.971781544559286302e-03
3.970533652508462241e-03
3.969285705724741146e-03
3.968037704352004452e-03
3.966789658492037018e-03
3.965541565661511933e-03
3.964293433848415336e-03
3.963045256436708783e-03
3.961797043971064178e-03
3.960548797967988061e-03
3.959300515909831147e-03
3.958052203754718057e-03
3.956803864130623016e-03
3.955555500145407216e-03
3.954307113075775093e-03
3.953058489402763720e-03
3.951809856659815705e-03
3.950561216887145399e-03
3.949312572229569246e-03
3.948063924883446658e-03
3.946815276652190958e-03
3.945566633245359105e-03
3.944317993270448665e-03
3.943069367040271007e-03
3.941820749216370760e-03
3.940572140866633287e-03
3.939323539145978513e-03
3.938074951832353128e-03
3.936826380217048858e-03
3.935577820628877350e-03
3.934329280622721539e-03
3.933080762485344217e-03
3.931832267679087785e-03
3.930583798188841058e-03
3.929335355072168662e-03
3.928086940927591822e-03
3.926838569382944642e-03
3.925590229624974919e-03
3.924341923606989961e-03
3.923093650773168753e-03
3.921845415823774043e-03
3.920597220220345923e-03
3.919349058327246602e-03
3.918100939968397270e-03
3.916852879274680156e-03
3.915604856800364644e-03
3.914356882744366231e-03
3.913108966199088830e-03
3.911861090266147839e-03
3.910613267941873833e-03
3.909365507814450795e-03
3.908117809413452944e-03
3.906870169412897560e-03
3.905622585123086788e-03
3.904375061607717485e-03
3.903127597065959766e-03
3.901880193714435049e-03
3.900632857191895821e-03
3.899385590108581361e-03
3.898138392619547761e-03
3.896891266227591605e-03
3.895644212299836321e-03
3.894397240148865600e-03
3.893150343946972635e-03
3.891903525067806451e-03
3.890656785216510885e-03
3.889410128664733211e-03
3.888163553609276513e-03
3.886917061476493750e-03
3.885670653695362953e-03
3.884424331684016227e-03
3.883178093836503388e-03
3.881931944539597067e-03
3.880685885190692484e-03
3.879439917165298287e-03
3.878194041828542972e-03
3.876948260535251645e-03
3.875702574630046637e-03
3.874456985447441177e-03
3.873211494311922659e-03
3.871966102538042416e-03
3.870720811430513296e-03
3.869475622284279052e-03
3.868230536438898356e-03
3.866985555116167310e-03
3.865740679582027692e-03
3.864495911093251534e-03
3.863251250897281521e-03
3.862006700232306459e-03
3.860762260393565005e-03
3.859517932536991446e-03
3.858273717873223277e-03
3.857029617604263837e-03
3.855785632923268511e-03
3.854541765014614114e-03
3.853298015053988231e-03
3.852054384287522098e-03
3.850810873794836917e-03
3.849567484725641489e-03
3.848324218221596798e-03
3.847081075311795453e-03
3.845838057231120311e-03
3.844595165097192558e-03
3.843352400019046933e-03
3.842109762929230878e-03
3.840867255093948981e-03
3.839624877599493325e-03
3.838382631523148437e-03
3.837140517934439429e-03
3.835898537895213092e-03
3.834656692622900962e-03
3.833414983003395528e-03
3.832173410075158208e-03
3.830931974869960024e-03
3.829690678412219374e-03
3.828449521719060143e-03
3.827208505800380658e-03
3.825967631658919611e-03
3.824726900290301591e-03
3.823486312683122522e-03
3.822245869818992163e-03
3.821005572672601762e-03
3.819765422211782602e-03
3.818525419397563684e-03
3.817285565184240243e-03
3.816045860659429256e-03
3.814806306625283770e-03
3.813566904016741244e-03
3.812327653761746031e-03
3.811088556781794517e-03
3.809849613991982825e-03
3.808610826301066666e-03
3.807372194611520749e-03
3.806133719819590391e-03
3.804895402815330549e-03
3.803657244482676943e-03
3.802419245699504170e-03
3.801181407337651287e-03
3.799943730262996845e-03
3.798706215335495313e-03
3.797468863409241696e-03
3.796231667746183171e-03
3.794994636729370936e-03
3.793757771230847013e-03
3.792521072082085613e-03
3.791284540108905751e-03
3.790048171261722106e-03
3.788811971159327437e-03
3.787575940629128030e-03
3.786340080474961348e-03
3.785104391495285481e-03
3.783868874483229880e-03
3.782633530226624848e-03
3.781398359508061826e-03
3.780163363104926347e-03
3.778928541789454421e-03
3.777693896328763318e-03
3.776459427484900148e-03
3.775225136014886528e-03
3.773991017235569286e-03
3.772757077273463950e-03
3.771523316887164662e-03
3.770289736813668257e-03
3.769056337785147738e-03
3.767823120529008654e-03
3.766590085767913387e-03
3.765357234219822349e-03
3.764124566594567040e-03
3.762892083599798411e-03
3.761659785939756081e-03
3.760427674314144233e-03
3.759195749418150698e-03
3.757964011942508103e-03
3.756732462573508617e-03
3.755501101993055559e-03
3.754269930878692454e-03
3.753038949903652905e-03
3.751808159945016572e-03
3.750577561458574676e-03
3.749347155104738177e-03
3.748116941539762943e-03
3.746886921415755380e-03
3.745657095380713203e-03
3.744427464078554490e-03
3.743198028149157582e-03
3.741968788228396646e-03
3.740739744945067308e-03
3.739510904492922110e-03
3.738282256373624910e-03
3.737053806727508743e-03
3.735825556225405054e-03
3.734597505439536235e-03
3.733369654999814640e-03
3.732142006296912569e-03
3.730914559119576264e-03
3.729687314063297263e-03
3.728460271725188638e-03
3.727233432691228268e-03
3.726006797568954480e-03
3.724780371398389925e-03
3.723554150377963133e-03
3.722328214706746314e-03
3.721102483634180884e-03
3.719876958895092234e-03
3.718651640689464057e-03
3.717426531394197545e-03
3.716201629401222686e-03
3.714976934922471514e-03
3.713752450184661970e-03
3.712528095347247988e-03
3.711303950899159324e-03
3.710080022612406887e-03
3.708856383874101301e-03
3.707632969669330709e-03
3.706409773921164486e-03
3.705186797091591586e-03
3.703963917592755905e-03
3.702741263555334519e-03
3.701518839482405027e-03
3.700296743076838396e-03
3.699074870003880248e-03
3.697853218677107315e-03
3.696631789592658753e-03
3.695410581646989788e-03
3.694189596875492674e-03
3.692968835738260746e-03
3.691748284783358258e-03
3.690527964749426917e-03
3.689307870668896965e-03
3.688088003564298552e-03
3.686868363058963365e-03
3.685648949913137434e-03
3.684429761978612501e-03
3.683210801376139189e-03
3.681992050176883732e-03
3.680773530778917377e-03
