5.909001375093296815e+00
5.854328307321581271e+00
5.800704624877145221e+00
5.747908443314664773e+00
5.695542523804856039e+00
5.643408957801260506e+00
5.591432008453021574e+00
5.539590061824428702e+00
5.487886676452542467e+00
5.436336781160544085e+00
5.384961557925210585e+00
5.333783714082102279e+00
5.282868352580119442e+00
5.232156859016122930e+00
5.181711620122924522e+00
5.131553045001847835e+00
5.081700179520357352e+00
5.032171614790248881e+00
4.982983043128261791e+00
4.934149024511254922e+00
4.885682743598539268e+00
4.837595820164825255e+00
4.789898594322231418e+00
4.742599835119354346e+00
4.695707343353955565e+00
4.649227445671141545e+00
4.603165320528479931e+00
4.557525752116886153e+00
4.512311332738160097e+00
4.467524822515690275e+00
4.423167733495194653e+00
4.379240752090454158e+00
4.335744050349878975e+00
4.292677302367470027e+00
4.250039241599750994e+00
4.207828403933563166e+00
4.166042796678278037e+00
4.124680009289182436e+00
4.083737347928085626e+00
4.043211789527457078e+00
4.003099987478416111e+00
3.963398453231176344e+00
3.924103607611628686e+00
3.885211516027675227e+00
3.846718050592761173e+00
3.808619246760910126e+00
3.770911214235222353e+00
3.733589065964630471e+00
3.696649525321632712e+00
3.660087802106774646e+00
3.623899621357951073e+00
3.588080586571036790e+00
3.552626675340211815e+00
3.517533623482595573e+00
3.482797212588966129e+00
3.448413135706343891e+00
3.414377370142036128e+00
3.380685856936211930e+00
3.347335412717649561e+00
3.314320357527071437e+00
3.281637241034885744e+00
3.249282687693426652e+00
3.217252599293034532e+00
3.185543610170693096e+00
3.154151799082264063e+00
3.123073524887383989e+00
3.092305133005433859e+00
3.061843319127892649e+00
3.031684363411094374e+00
3.001824844359039623e+00
2.972261919530545971e+00
2.942991773265001498e+00
2.914011371693692620e+00
2.885317833669603704e+00
2.856907775931536442e+00
2.828777887046507900e+00
2.800925639911703069e+00
2.773347828913293345e+00
2.746041371192991853e+00
2.719003461064648963e+00
2.692231479896823654e+00
2.665722361102725646e+00
2.639473676928302925e+00
2.613482367465298939e+00
2.587745827988495062e+00
2.562261783492469025e+00
2.537027384574255251e+00
2.512040083226664944e+00
2.487297369248914425e+00
2.462796761324136163e+00
2.438535507341058395e+00
2.414511733932107163e+00
2.390722543600149574e+00
2.367165777317023601e+00
2.343839313275672964e+00
2.320740703864771159e+00
2.297867775752390873e+00
2.275218191592485617e+00
2.252789730765011100e+00
2.230579989165834220e+00
2.208587244421527540e+00
2.186809081982854064e+00
2.165243453879166058e+00
2.143888244535730792e+00
2.122741410416775665e+00
2.101800912329903070e+00
2.081064753911063825e+00
2.060530892616751153e+00
2.040197397375994814e+00
2.020062172697977498e+00
2.000123380884277324e+00
1.980379169710109855e+00
1.960827644040336937e+00
1.941466961368143895e+00
1.922295224778781675e+00
1.903310706296066579e+00
1.884511505759222993e+00
1.865895849100170256e+00
1.847461925807587502e+00
1.829207993563550572e+00
1.811132331101518611e+00
1.793233216180607270e+00
1.775508951165656102e+00
1.757957844126547542e+00
1.740578217487375179e+00
1.723368438253453094e+00
1.706326889100094446e+00
1.689451922810002893e+00
1.672741951682533479e+00
1.656195392827290336e+00
1.639810677339857747e+00
1.623586240542743031e+00
1.607520443300974211e+00
1.591611962540324665e+00
1.575858810867475590e+00
1.560260253268696440e+00
1.544814430041378195e+00
1.529519898792201849e+00
1.514375077364618294e+00
1.499378549749424305e+00
1.484529074243036595e+00
1.469825225047462380e+00
1.455265524776219621e+00
1.440848533488727989e+00
1.426572999679198483e+00
1.412437444780181961e+00
1.398440074582987913e+00
1.384580087782670166e+00
1.370856630733736869e+00
1.357267982119856331e+00
1.343812792539442302e+00
1.330489701470899178e+00
1.317297526982889266e+00
1.304235000075213202e+00
1.291300877110067580e+00
1.278493982330347611e+00
1.265813033352273687e+00
1.253256829379759907e+00
1.240824178780430165e+00
1.228513884454243366e+00
1.216324704026864101e+00
1.204255542375958443e+00
1.192305314045072118e+00
1.180472804002053566e+00
1.168756878517190900e+00
1.157156362361268398e+00
1.145670209163539788e+00
1.134297366933010753e+00
1.123036698223971452e+00
1.111887123788179776e+00
1.100847570254047447e+00
1.089916979760160443e+00
1.079094303084910056e+00
1.068378501684690951e+00
1.057768536987403474e+00
1.047263394224978272e+00
1.036862066159615958e+00
1.026563476468205671e+00
1.016366811235967171e+00
1.006270939023887756e+00
9.962748695574881186e-01
9.863778467074491019e-01
9.765787270996456604e-01
9.668766259726025991e-01
9.572705809135881871e-01
9.477597170439070462e-01
9.383429240039550256e-01
9.290195497598993102e-01
9.197885924998657758e-01
9.106491395939113609e-01
9.016002728441182557e-01
8.926410884390213463e-01
8.837709325133570326e-01
8.749887789152195339e-01
8.662938277350368255e-01
8.576851160440914779e-01
8.491619020542219287e-01
8.407233943459521130e-01
8.323687217187397680e-01
8.240970723886530402e-01
8.159076533838679479e-01
8.077995977960577001e-01
7.997721310423545615e-01
7.918246021421389003e-01
7.839561401657844097e-01
7.761659844301220801e-01
7.684533748534445596e-01
7.608175496690261497e-01
7.532577692779625078e-01
7.457732941852526221e-01
7.383633933690199047e-01
7.310272775115503885e-01
7.237642829056410987e-01
7.165737031510399646e-01
7.094548221210343897e-01
7.024069454400599932e-01
6.954293823892240267e-01
6.885215364631115387e-01
6.816826379542346714e-01
6.749120162742642259e-01
6.682090023066179496e-01
6.615729385241538862e-01
6.550031713658536203e-01
6.484990533429989545e-01
6.420599464303192727e-01
6.356852079706932779e-01
6.293741911485511986e-01
6.231262965332050596e-01
6.169408905186198888e-01
6.108173734390772713e-01
6.047551305363191299e-01
5.987535595963097146e-01
5.928120761147043227e-01
5.869300902731965364e-01
5.811070132047007064e-01
5.753422683542738225e-01
5.696352830886390883e-01
5.639854856015824591e-01
5.583922986007644473e-01
5.528551712994408396e-01
5.473735658614425903e-01
5.419469358946102933e-01
5.365747451679651059e-01
5.312564502905458008e-01
5.259915302735584941e-01
5.207794442804231094e-01
5.156196827899085511e-01
5.105117327422712403e-01
5.054550828492596626e-01
5.004492257992618764e-01
4.954936595480473605e-01
4.905878905536605883e-01
4.857314261544936618e-01
4.809237891535734222e-01
4.761644888805984244e-01
4.714530457167686595e-01
4.667890023449579595e-01
4.621718664641659702e-01
4.576011867369403907e-01
4.530765036606316798e-01
4.485973652050910809e-01
4.441633365597339456e-01
4.397739534755471524e-01
4.354287702175542729e-01
4.311273450965993903e-01
4.268692505586293429e-01
4.226540567316471320e-01
4.184813384597342867e-01
4.143506716709068893e-01
4.102616367175839218e-01
4.062138274600131660e-01
4.022068311481289404e-01
3.982402422197096059e-01
3.943136565234364732e-01
3.904266799275699640e-01
3.865789195299503822e-01
3.827699844854311473e-01
3.789994868303680486e-01
3.752670425791230779e-01
3.715722808708388225e-01
3.679148224644980258e-01
3.642942927999727187e-01
3.607102929816049519e-01
3.571624832650981407e-01
3.536505149960268435e-01
3.501740265314366440e-01
3.467326678127484185e-01
3.433260898774753156e-01
3.399539473662129829e-01
3.366158930199063537e-01
3.333115976094419008e-01
3.300407018746503995e-01
3.268028845246984115e-01
3.235978159233330875e-01
3.204251663533840278e-01
3.172846176042492528e-01
3.141758431217689385e-01
3.110985441863653445e-01
3.080523871030653171e-01
3.050370603072380393e-01
3.020522552660824256e-01
2.990976664613733127e-01
2.961729925639732808e-01
2.932779297251144057e-01
2.904121847953758384e-01
2.875754611784006043e-01
2.847674741287383182e-01
2.819879319645607341e-01
2.792365478793819022e-01
2.765130421325068810e-01
2.738171324910026461e-01
2.711485444970728742e-01
2.685070040109930889e-01
2.658922383067467421e-01
2.633039771962742970e-01
2.607419559980344581e-01
2.582059114139801936e-01
2.556955821011346885e-01
2.532107092935583226e-01
2.507510359436496694e-01
2.483163098218159892e-01
2.459062804337102393e-01
2.435206989631112651e-01
2.411593187811960914e-01
2.388218988088050276e-01
2.365081931289229611e-01
2.342179675535007999e-01
2.319509836277549586e-01
2.297070058957097205e-01
2.274858042606183461e-01
2.252871520404317873e-01
2.231108191233638072e-01
2.209565804563901059e-01
2.188242134697409857e-01
2.167134974487657240e-01
2.146242121694988958e-01
2.125561430950870523e-01
2.105090761124257803e-01
2.084827992407279063e-01
2.064771026185794611e-01
2.044917696857844747e-01
2.025266038745679453e-01
2.005814012592129769e-01
1.986559600267405745e-01
1.967500803559648626e-01
1.948635647483572264e-01
1.929962176540929442e-01
1.911478451678374491e-01
1.893182588427117785e-01
1.875072672431811194e-01
1.857146796153021640e-01
1.839403105953464068e-01
1.821839754970904501e-01
1.804454917039098882e-01
1.787246782269108769e-01
1.770213569051604374e-01
1.753353481024377269e-01
1.736664807205683114e-01
1.720145790694577181e-01
1.703794712733604777e-01
1.687609872026654689e-01
1.671589584527631289e-01
1.655732163080537445e-01
1.640035988926337729e-01
1.624499393205370290e-01
1.609120777483589726e-01
1.593898544780506799e-01
1.578831103598400398e-01
1.563916818251845642e-01
1.549153540073640589e-01
1.534540451094017766e-01
1.520076001537779553e-01
1.505758684265748326e-01
1.491587575802373333e-01
1.477560601395253581e-01
1.463676135770791975e-01
1.449932845651581426e-01
1.436329283258477307e-01
1.422864117954563690e-01
1.409535924272829477e-01
1.396343318031281755e-01
1.383284937411416171e-01
1.370359400020585150e-01
1.357565350460381570e-01
1.344901461637672546e-01
1.332366398474293945e-01
1.319958772873967567e-01
1.307677484950253433e-01
1.295521026181607194e-01
1.283488212888636570e-01
1.271577785989033149e-01
1.259788501700458974e-01
1.248119127350205415e-01
1.236568442423132824e-01
1.225135238982679731e-01
1.213818320564769154e-01
1.202616506769212390e-01
1.191528622327879677e-01
1.180553507146383657e-01
1.169690013115238097e-01
1.158937002922717091e-01
1.148293351612263979e-01
1.137757944537786392e-01
1.127329679487103775e-01
1.117007446823243821e-01
1.106790183053642657e-01
1.096676818522755725e-01
1.086666292332231637e-01
1.076757558360305206e-01
1.066949578874308580e-01
1.057241326867287973e-01
1.047631785375778835e-01
1.038119948034386397e-01
1.028704815940114647e-01
1.019385405450629334e-01
1.010160740362595899e-01
1.001029855562787507e-01
9.919917931984742476e-02
9.830456070370631461e-02
9.741903594525767873e-02
9.654251225507097522e-02
9.567489755530345086e-02
9.481610108185477281e-02
9.396603365383097983e-02
9.312460544632288062e-02
9.229172799781408532e-02
9.146731402479672812e-02
9.065127819433797807e-02
8.984353409655816691e-02
8.904399807352653129e-02
8.825258544038466768e-02
8.746921226873877186e-02
8.669379818220949996e-02
8.592626052362760392e-02
8.516652011833135416e-02
8.441449680408326384e-02
8.367011230154755563e-02
8.293328765696540705e-02
8.220394657228843882e-02
8.148201212395289605e-02
8.076740880890315166e-02
8.006006164237143563e-02
7.935989652632510771e-02
7.866683996181289551e-02
7.798081946606372217e-02
7.730176317197101632e-02
7.662959943622968395e-02
7.596425832706871217e-02
7.530567018497497100e-02
7.465376600675160956e-02
7.400847728115939050e-02
7.336973661317279516e-02
7.273747705504125804e-02
7.211163284750880809e-02
7.149213728238561216e-02
7.087892614750801457e-02
7.027193580954725627e-02
6.967110190224692912e-02
6.907636187265209227e-02
6.848765363952639962e-02
6.790491432422983420e-02
6.732808455922506541e-02
6.675710289000960640e-02
6.619190989845817608e-02
6.563244627833504652e-02
6.507865350124338033e-02
6.453047372778354662e-02
6.398784944583044143e-02
6.345072341230420521e-02
6.291903995423644980e-02
6.239274342804258106e-02
6.187177879179720646e-02
6.135609154426288625e-02
6.084562774139186392e-02
6.034033399033721101e-02
5.984015781177949578e-02
5.934504655287037994e-02
5.885494840560853702e-02
5.836981175291206664e-02
5.788958626493560106e-02
5.741422173865149553e-02
5.694366849575736855e-02
5.647787734777968971e-02
5.601679962504493154e-02
5.556038714299071923e-02
5.510859222166382410e-02
5.466136766136915626e-02
5.421866675307221439e-02
5.378044326175124290e-02
5.334665142456276876e-02
5.291724594708707707e-02
5.249218199855046341e-02
5.207141520712019883e-02
5.165490165524547900e-02
5.124259787504517605e-02
5.083446084374076274e-02
5.043044797913509569e-02
5.003051713513573251e-02
4.963462659732294918e-02
4.924273507392189914e-02
4.885480170552400359e-02
4.847078604645940758e-02
4.809064805993179537e-02
4.771434813070887099e-02
4.734184738074448395e-02
4.697310664783661133e-02
4.660808751826599899e-02
4.624675199212819471e-02
4.588906241180985141e-02
4.553498153259670500e-02
4.518447248934732291e-02
4.483749879478302752e-02
4.449402404672058581e-02
4.415401280911113169e-02
4.381742970253086483e-02
4.348423971380561276e-02
4.315440818878999579e-02
4.282790082871034548e-02
4.250468397124256004e-02
4.218472370624707507e-02
4.186798679887523966e-02
4.155444033097074191e-02
4.124405146794805216e-02
4.093678824641377306e-02
4.063261899720027603e-02
4.033151188142202609e-02
4.003343538185288181e-02
3.973835904181898665e-02
3.944625182378681122e-02
3.915708362818243887e-02
3.887082445397475883e-02
3.858744461397350251e-02
3.830691471761526329e-02
3.802920577589558038e-02
3.775428746603003149e-02
3.748213258797100655e-02
3.721271285191733030e-02
3.694600049027826905e-02
3.668196815712374687e-02
3.642058925627710692e-02
3.616183715262156345e-02
3.590568351154010962e-02
3.565210233612900459e-02
3.540106714284702027e-02
3.515255173675775613e-02
3.490653091730162166e-02
3.466297874863179945e-02
3.442187031793122326e-02
3.418314795112499527e-02
3.394685280422665014e-02
3.371292762777027691e-02
3.348134780269008265e-02
3.325208967630412238e-02
3.302512959522149738e-02
3.280044415616856918e-02
3.257801446985664900e-02
3.235781202980063387e-02
3.213981410777463910e-02
3.192399766335909939e-02
3.171034253216955395e-02
3.149882625305819306e-02
3.128942730565759806e-02
3.108209519007081381e-02
3.087686667847016828e-02
3.067369143635400794e-02
3.047254857989025595e-02
3.027341774001717292e-02
3.007627636523851899e-02
2.988110647227761041e-02
2.968788740398107390e-02
2.949660050569869255e-02
2.930722516718858514e-02
2.911974152357250933e-02
2.893413080077770691e-02
2.875037354217766655e-02
2.856845109455964649e-02
2.838834480800321580e-02
2.821003620580488785e-02
2.803350701358218316e-02
2.785873913695237347e-02
2.768571467071954603e-02
2.751441589353761583e-02
2.734482519137160922e-02
2.717692528710399444e-02
2.701069900067765497e-02
2.684612931738011507e-02
2.668319941183278435e-02
2.652189262339127093e-02
2.636219247030177626e-02
2.620408263206622235e-02
2.604754696271344497e-02
2.589256947842098408e-02
2.573913435758275539e-02
2.558722592605147325e-02
2.543682870645713745e-02
2.528792735047809270e-02
2.514050670445564309e-02
2.499455171420189928e-02
2.485004752540388717e-02
2.470697942396707023e-02
2.456533284458796082e-02
2.442509337054109969e-02
2.428624673196266501e-02
2.414877880746046576e-02
2.401267561961933222e-02
2.387792333439136411e-02
2.374450825965857687e-02
2.361241684377084205e-02
2.348163566882903452e-02
2.335215146505953757e-02
2.322395109348683248e-02
2.309702158176131503e-02
2.297135002321901848e-02
2.284692368296720177e-02
2.272372995290669259e-02
2.260175635104538436e-02
2.248099052977445625e-02
2.236142026489929685e-02
2.224303345350528080e-02
2.212581812489538419e-02
2.200976242703115218e-02
2.189485462942224528e-02
2.178108311629263841e-02
2.166843640193620579e-02
2.155690311285887381e-02
2.144647199219591044e-02
2.133713189229491380e-02
2.122887178142356807e-02
2.112168075577114390e-02
2.101554800958677083e-02
2.091046285397633528e-02
2.080641470261541254e-02
2.070339291591822076e-02
2.060138729333109431e-02
2.050038757468746961e-02
2.040038360473128698e-02
2.030136531268982372e-02
2.020332276868617646e-02
2.010624611192503644e-02
2.001012561575232079e-02
1.991495163116373604e-02
1.982071460694712420e-02
1.972740510827784843e-02
1.963501378809224401e-02
1.954353134109428416e-02
1.945294861955148072e-02
1.936325663301501770e-02
1.927444635748628426e-02
1.918650889257385653e-02
1.909943539270244836e-02
1.901321720484907413e-02
1.892784572391977699e-02
1.884331244713733505e-02
1.875960886962390814e-02
1.867672667994883795e-02
1.859465760874030524e-02
1.851339348378866489e-02
1.843292622145475262e-02
1.835324777826806072e-02
1.827435026289307013e-02
1.819622576270305339e-02
1.811886648678059930e-02
1.804226482611526183e-02
1.796641311458765239e-02
1.789130382749543058e-02
1.781692948534292081e-02
1.774328273153242402e-02
1.767035574172970760e-02
1.759814165870376979e-02
1.752663350294560510e-02
1.745582410523635608e-02
1.738570654212800645e-02
1.731627366964133899e-02
1.724751873364905805e-02
1.717943488107914404e-02
1.711201542200301018e-02
1.704525373197770047e-02
1.697914316055042921e-02
1.691367721855806597e-02
1.684884932853221787e-02
1.678465439659562741e-02
1.672108491859101639e-02
1.665813493927231423e-02
1.659579789268299591e-02
1.653406748522637942e-02
1.647293799218801924e-02
1.641240330975946016e-02
1.635245770019385161e-02
1.629309471683594232e-02
1.623430882464484137e-02
1.617609445035948432e-02
1.611844544064885282e-02
1.606135638381667174e-02
1.600482166317051744e-02
1.594883574888523309e-02
1.589339340712143944e-02
1.583848893918186895e-02
1.578411692763306839e-02
1.573027211207187609e-02
1.567694931650465834e-02
1.562414320041297967e-02
1.557184860912631981e-02
1.552006054160029458e-02
1.546877388999407313e-02
1.541814658366233090e-02
1.536784607370379405e-02
1.531803174438733234e-02
1.526869959776020608e-02
1.521984434604728605e-02
1.517146127970767089e-02
1.512354570024256224e-02
1.507609291321762926e-02
1.502909837975768999e-02
1.498255750749306198e-02
1.493646572035604164e-02
1.489081859148863596e-02
1.484561170008553629e-02
1.480084070155777282e-02
1.475650120250089105e-02
1.471258890642828179e-02
1.466909961734318840e-02
1.462602918926863248e-02
1.458337331412265341e-02
1.454112796550832351e-02
1.449928910008969202e-02
1.445785261568583585e-02
1.441681450047600267e-02
1.437617034607923186e-02
1.433591705078146421e-02
1.429605065296170839e-02
1.425656632828558625e-02
1.421746174027242911e-02
1.417873242886986095e-02
1.414037469385538530e-02
1.410238479468462966e-02
1.406475913055467604e-02
1.402749408373706735e-02
1.399058608231622258e-02
1.395403159357241733e-02
1.391782711608663750e-02
1.388196918499388227e-02
1.384645431775120145e-02
1.381127922421945299e-02
1.377644047117346920e-02
1.374193477227689600e-02
1.370775863998261943e-02
1.367390915210197483e-02
1.364038278942095346e-02
1.360717650939988893e-02
1.357428720125835112e-02
1.354171153202815038e-02
1.350944648849148298e-02
1.347748903467036255e-02
1.344583613926400752e-02
1.341448492728803191e-02
1.338343236980780483e-02
1.335267549056690269e-02
1.332221115470188025e-02
1.329203667328204656e-02
1.326214919060072703e-02
1.323254587975768344e-02
1.320322395147168273e-02
1.317418010672708091e-02
1.314541211910893494e-02
1.311691737556832348e-02
1.308869310467072195e-02
1.306073665053102476e-02
1.303304537236529143e-02
1.300561668966031779e-02
1.297844799991352410e-02
1.295153677208905375e-02
1.292488042831953926e-02
1.289847652779055678e-02
1.287232257479348392e-02
1.284641608687452259e-02
1.282075465013387747e-02
1.279533586076211059e-02
1.277015734667645216e-02
1.274521673516500198e-02
1.272051190315724375e-02
1.269604032683835544e-02
1.267179972108324441e-02
1.264778782370339083e-02
1.262400240326463745e-02
1.260044123651394947e-02
1.257710212347400158e-02
1.255398289528420093e-02
1.253108140293014879e-02
1.250839551481935930e-02
1.248592315107249252e-02
1.246366217136496944e-02
1.244161053908812535e-02
1.241976620655947314e-02
1.239812715203846352e-02
1.237669136868083629e-02
1.235545687217631632e-02
1.233442169953014207e-02
1.231358390615866147e-02
1.229294156668324887e-02
1.227249277611809630e-02
1.225223565656038960e-02
1.223216833485504633e-02
1.221228896090221193e-02
1.219259570970198173e-02
1.217308676185657919e-02
1.215376032589923078e-02
1.213461460211964077e-02
1.211564785421357163e-02
1.209685835153750597e-02
1.207824435456350022e-02
1.205980416458436386e-02
1.204153610625781703e-02
1.202343848060244066e-02
1.200550964563158220e-02
1.198774796361367842e-02
1.197015182248884098e-02
1.195271960600936129e-02
1.193544973468699082e-02
1.191834062636726310e-02
1.190139069660949879e-02
1.188459842167748429e-02
1.186796227807970956e-02
1.185148075641963283e-02
1.183515235778610959e-02
1.181897560351779022e-02
1.180294902292887416e-02
1.178707117645329434e-02
1.177134061148075832e-02
1.175575590419366233e-02
1.174031564385734361e-02
1.172501843171729931e-02
1.170986289116704611e-02
1.169484765408532710e-02
1.167997136613223297e-02
1.166523268645145231e-02
1.165063029114382642e-02
1.163616286208841479e-02
1.162182909820280545e-02
1.160762771120859259e-02
1.159355742563921050e-02
1.157961697870970100e-02
1.156580512018790495e-02
1.155212061226687341e-02
1.153856222943868033e-02
1.152512875836945311e-02
1.151181899777580127e-02
1.149863175830236756e-02
1.148556586219296773e-02
1.147262014380283357e-02
1.145979344883638930e-02
1.144708463445188486e-02
1.143449256914248757e-02
1.142201613262129600e-02
1.140965421549021246e-02
1.139740571978546842e-02
1.138526955819870075e-02
1.137324465419621046e-02
1.136132994190678508e-02
1.134952436601352824e-02
1.133782688164702152e-02
1.132623645406301977e-02
1.131475205919756089e-02
1.130337268288905163e-02
1.129209732100975618e-02
1.128092497966400737e-02
1.126985467415469490e-02
1.125888542984524593e-02
1.124801628172484268e-02
1.123724627582816521e-02
1.122657446451237780e-02
1.121599991109006531e-02
1.120552168810959662e-02
1.119513887727233495e-02
1.118485056934006260e-02
1.117465586360646967e-02
1.116455386913677364e-02
1.115454370332182726e-02
1.114462449225839952e-02
1.113479537065499222e-02
1.112505548174484542e-02
1.111540397719985342e-02
1.110584001704535695e-02
1.109636276957579742e-02
1.108697141127121949e-02
1.107766512671470860e-02
1.106844310851056064e-02
1.105930455720339871e-02
1.105024868119802196e-02
1.104127469668022068e-02
1.103238182735299944e-02
1.102356930492683074e-02
1.101483636845738100e-02
1.100618226447743452e-02
1.099760624691635894e-02
1.098910757702553469e-02
1.098068552330466914e-02
1.097233936142876648e-02
1.096406837417588861e-02
1.095587185135561518e-02
1.094774908973827551e-02
1.093969939298491782e-02
1.093172207157796193e-02
1.092381644275254755e-02
1.091598183042863726e-02
1.090821756514377509e-02
1.090052298807468907e-02
1.089289743838320161e-02
1.088534026623854192e-02
1.087785082799516342e-02
1.087042848629883596e-02
1.086307261356203591e-02
1.085578258108988933e-02
1.084855777014016170e-02
1.084139756789968823e-02
1.083430136753722565e-02
1.082726856814344128e-02
1.082029857467147783e-02
1.081339079787812033e-02
1.080654465426563252e-02
1.079975956602410858e-02
1.079303496097444755e-02
1.078637027251194876e-02
1.077976493955038091e-02
1.077321840443569607e-02
1.076673011899428184e-02
1.076029953845638112e-02
1.075392612325890701e-02
1.074760933908648630e-02
1.074134865681894424e-02
1.073514355247930270e-02
1.072899350718231268e-02
1.072289800706634384e-02
1.071685654327275347e-02
1.071086861188919742e-02
1.070493371389439653e-02
1.069905135510920875e-02
1.069322104614826505e-02
1.068744230237207368e-02
1.068171464383958248e-02
1.067603759526129792e-02
1.067041068595280841e-02
1.066483345075769189e-02
1.065930542707393090e-02
1.065382615775849195e-02
1.064839519009240509e-02
1.064301207573656663e-02
1.063767637068806400e-02
1.063238763523695167e-02
1.062714543392341560e-02
1.062194933549550670e-02
1.061679891285322204e-02
1.061169374371183881e-02
1.060663340792769929e-02
1.060161749125108563e-02
1.059664558280465699e-02
1.059171727584661514e-02
1.058683216733757003e-02
1.058198985854856729e-02
1.057718995396474994e-02
1.057243206216101732e-02
1.056771579549083649e-02
1.056304077003308688e-02
1.055840660555980651e-02
1.055381292627113193e-02
1.054925935853924003e-02
1.054474550731620934e-02
1.054027103449995013e-02
1.053583557630360934e-02
1.053143877426177162e-02
1.052708027246676559e-02
1.052275971934186691e-02
1.051847676638609230e-02
1.051423106803552922e-02
1.051002230372754739e-02
1.050585011203892735e-02
1.050171415883619126e-02
1.049761409563218159e-02
1.049354960946462939e-02
1.048952037357183363e-02
1.048552606524062389e-02
1.048156638105706556e-02
1.047764098504733524e-02
1.047374956445235733e-02
1.046989180023363657e-02
1.046606740339541507e-02
1.046227606146914006e-02
1.045851747292982081e-02
1.045479133319920928e-02
1.045109735222953494e-02
1.044743523686713499e-02
1.044380469838291151e-02
1.044020544528520382e-02
1.043663719518165417e-02
1.043309966120412394e-02
1.042959257292538217e-02
1.042611565027687891e-02
1.042266861407211385e-02
1.041925119562062303e-02
1.041586313191174978e-02
1.041250415123758967e-02
