8.632877394018041023e-03
8.502029877639748559e-03
8.368018319542444225e-03
8.228486252953377128e-03
8.084008565954269726e-03
7.935428871418700666e-03
7.783697363200995332e-03
7.629850984482982636e-03
7.474988872022814319e-03
7.320237379925990245e-03
7.166714887229307628e-03
7.015497159652062283e-03
6.867587457489898912e-03
6.723890525307359839e-03
6.585193465296038280e-03
6.452153193567932918e-03
6.325290002437514505e-03
6.204986352071758908e-03
6.091494643750666738e-03
5.984942142670396370e-03
5.885346279510313833e-03
5.792628262645675360e-03
5.706628032680371478e-03
5.627119970214461593e-03
5.553827565227781142e-03
5.486436878106457256e-03
5.424608991405150717e-03
5.367990480711405145e-03
5.316222378020161836e-03
5.268947366848456514e-03
5.225815686484013706e-03
5.186489444605306420e-03
5.150645951869666124e-03
5.117979849407196420e-03
5.088204463390143782e-03
5.061052638694226759e-03
5.036276700526571767e-03
5.013648307035733533e-03
4.992957764325811100e-03
4.974013345843374991e-03
4.956640276830205465e-03
4.940679715518358009e-03
4.925987636281792606e-03
4.912433770627275438e-03
4.899900485230151634e-03
4.888281747426481347e-03
4.877482105819176163e-03
4.867415776335023980e-03
4.858005665374282023e-03
4.849182648732340041e-03
4.840884761513630959e-03
4.833056457640625553e-03
4.825648090608042860e-03
4.818615167355324094e-03
4.811917864057217026e-03
4.805520591895646836e-03
4.799391539182697695e-03
4.793502347848447795e-03
4.787827574865993058e-03
4.782344518435024949e-03
4.777032819136761525e-03
4.771874482936633993e-03
4.766853255008580807e-03
4.761954705689051999e-03
4.757165931972241399e-03
4.752475390724373791e-03
4.747872773915996596e-03
4.743348872329487820e-03
4.738895456977848704e-03
4.734505174724165655e-03
4.730171452867791039e-03
4.725888414054915491e-03
4.721650839136112138e-03
4.717454011793714708e-03
4.713293722933361955e-03
4.709166173129982445e-03
4.705068045388741127e-03
4.700996331248671542e-03
4.696948316206008694e-03
4.692921614199543727e-03
4.688913772805388541e-03
4.684923206454212792e-03
4.680948205677640597e-03
4.676987230985397113e-03
4.673038827306529724e-03
4.669102076212014625e-03
4.665175512775271600e-03
4.661258152474079958e-03
4.657349115295412838e-03
4.653447607495832077e-03
4.649552922018147967e-03
4.645664405212190928e-03
4.641781488245512802e-03
4.637903643233194650e-03
4.634030404005457481e-03
4.630161368729554527e-03
4.626296164565134317e-03
4.622434424307746842e-03
4.618575879738689646e-03
4.614720266863916488e-03
4.610867303968754077e-03
4.607016795366501195e-03
4.603168556394650335e-03
4.599322405275857450e-03
4.595478185973318405e-03
4.591635756698874728e-03
4.587794986562891350e-03
4.583955786861971214e-03
4.580118046813559315e-03
4.576281663973198223e-03
4.572446577860504215e-03
4.568612714339157811e-03
4.564780025231685717e-03
4.560948399446526635e-03
4.557117809112169911e-03
4.553288208231592513e-03
4.549459559654502050e-03
4.545631838906240979e-03
4.541804987613529132e-03
4.537978987893266994e-03
4.534153766456546636e-03
4.530329378313026345e-03
4.526505747866986333e-03
4.522682866044109781e-03
4.518860781170331957e-03
4.515039425573422194e-03
4.511218797075143734e-03
4.507398885404780009e-03
4.503579681686759734e-03
4.499761178546755197e-03
4.495943374138035298e-03
4.492126258714124708e-03
4.488309827634422156e-03
4.484494077839083596e-03
4.480679006092723980e-03
4.476864601233642403e-03
4.473050871063638002e-03
4.469237814733179395e-03
4.465425431857076438e-03
4.461613722601973607e-03
4.457802687353761874e-03
4.453992326965838452e-03
4.450182642626214838e-03
4.446373635824707980e-03
4.442565308323326821e-03
4.438757662109197970e-03
4.434950716647238084e-03
4.431144457130482481e-03
4.427338886113935980e-03
4.423534006368755149e-03
4.419729821124722749e-03
4.415926333160433842e-03
4.412123533879060318e-03
4.408321438338208380e-03
4.404520049914587530e-03
4.400719372105081108e-03
4.396919408495930659e-03
4.393120162683103458e-03
4.389321638320573329e-03
4.385523839135273966e-03
4.381726768897798580e-03
4.377930431426778346e-03
4.374134830583282715e-03
4.370339982641642529e-03
4.366545879277875658e-03
4.362752524268394445e-03
4.358959922362825798e-03
4.355168076975385674e-03
4.351376991327040970e-03
4.347586670232122912e-03
4.343797115505963237e-03
4.340008315831353491e-03
4.336220312413389434e-03
4.332433089575427922e-03
4.328646651744352293e-03
4.324861003057566509e-03
4.321076147131358396e-03
4.317292088087845529e-03
4.313508830796389769e-03
4.309726379270211426e-03
4.305944737663048617e-03
4.302163909629613293e-03
4.298383899807397233e-03
4.294604697156815393e-03
4.290826321559747768e-03
4.287048776766584982e-03
4.283272058019352638e-03
4.279496172577841595e-03
4.275721159707774471e-03
4.271946993951282814e-03
4.268173679819603494e-03
4.264401214474133894e-03
4.260629608679599931e-03
4.256858866617820557e-03
4.253088994047559031e-03
4.249319993894964259e-03
4.245551870614377651e-03
4.241784617252509701e-03
4.238018242529454499e-03
4.234252767496325155e-03
4.230488185582802728e-03
4.226724490355712044e-03
4.222961696761083628e-03
4.219199808873714402e-03
4.215438839189928656e-03
4.211678782883735220e-03
4.207919643694449374e-03
4.204161421407710472e-03
4.200404124685989428e-03
4.196647757974446627e-03
4.192892324929914719e-03
4.189137829286724256e-03
4.185384275614115190e-03
4.181631668151017910e-03
4.177880010889069295e-03
4.174129307663926834e-03
4.170379563063739831e-03
4.166630780738818374e-03
4.162882953340240645e-03
4.159136097527996005e-03
4.155390217327376706e-03
4.151645323846938664e-03
4.147901413236607104e-03
4.144158499931854811e-03
4.140416577398741728e-03
4.136675649455958011e-03
4.132935720267330061e-03
4.129196791415568404e-03
4.125458871561192391e-03
4.121721962339678497e-03
4.117986066361200952e-03
4.114251187870071255e-03
4.110517322763119347e-03
4.106784497566845840e-03
4.103052703219712757e-03
4.099321943521709068e-03
4.095592222517455312e-03
4.091863544277935492e-03
4.088135912646772945e-03
4.084409331850042020e-03
4.080683801622743759e-03
4.076959330004193902e-03
4.073235906964291567e-03
4.069513566235752160e-03
4.065792290245052315e-03
4.062072095985845045e-03
4.058352979155244178e-03
4.054634944795961621e-03
4.050917991586597787e-03
4.047202134472319308e-03
4.043487371746954523e-03
4.039773703042870423e-03
4.036061137410647606e-03
4.032349677436169837e-03
4.028639326741998566e-03
4.024930092561773698e-03
4.021221967608787536e-03
4.017514963569482692e-03
4.013809084076039660e-03
4.010104333103530448e-03
4.006400712925216497e-03
4.002698228896152746e-03
3.998996897119721713e-03
3.995296710065488789e-03
3.991597670544367801e-03
3.987899783431189324e-03
3.984203052396383636e-03
3.980507481376593416e-03
3.976813074147776510e-03
3.973119834546671135e-03
3.969427766040196752e-03
3.965736872909578908e-03
3.962047158691871934e-03
3.958358614865150477e-03
3.954671257334085345e-03
3.950985089859958624e-03
3.947300116286240126e-03
3.943616348804205619e-03
3.939933783245575666e-03
3.936252429152131693e-03
3.932572284296238091e-03
3.928893352547286645e-03
3.925215637938392343e-03
3.921539143562778780e-03
3.917863873446799858e-03
3.914189831446300040e-03
3.910517021326184381e-03
3.906845446727396330e-03
3.903175111417258713e-03
3.899506019031853416e-03
3.895838173386430639e-03
3.892171578096945139e-03
3.888506224342172784e-03
3.884842138671858180e-03
3.881179314459377167e-03
3.877517755348313007e-03
3.873857457051294462e-03
3.870198431168120779e-03
3.866540689432965052e-03
3.862884227554431484e-03
3.859229046514235650e-03
3.855575152617075202e-03
3.851922549529958675e-03
3.848271240897508435e-03
3.844621233112968921e-03
3.840972527075264299e-03
3.837325126376451342e-03
3.833679034624526763e-03
3.830034255450563002e-03
3.826390792489637108e-03
3.822748649322831559e-03
3.819107829590095374e-03
3.815468336845354805e-03
3.811830174676739211e-03
3.808193346666713212e-03
3.804557856392994358e-03
3.800923707462863354e-03
3.797290903649590526e-03
3.793659448269563403e-03
3.790029344899901922e-03
3.786400597103217226e-03
3.782773208384408812e-03
3.779147182279929927e-03
3.775522522320389970e-03
3.771899232030637757e-03
3.768277311328320327e-03
3.764656767344267459e-03
3.761037603571352247e-03
3.757419823511090606e-03
3.753803430659119478e-03
3.750188428505211568e-03
3.746574820533244560e-03
3.742962610231579095e-03
3.739351802540962638e-03
3.735742399431019739e-03
3.732134404379144118e-03
3.728527820839353229e-03
3.724922652259716593e-03
3.721318902082325006e-03
3.717716573741658599e-03
3.714115670669445365e-03
3.710516196281144624e-03
3.706918165059899795e-03
3.703321568788568632e-03
3.699726411977185409e-03
3.696132697486485645e-03
3.692540428697045542e-03
3.688949609009199368e-03
3.685360241805494836e-03
3.681772330441575834e-03
3.678185878301532246e-03
3.674600893308892658e-03
3.671017374276228443e-03
3.667435320880057907e-03
3.663854738661408324e-03
3.660275634459846800e-03
3.656698007390363821e-03
3.653121862708364441e-03
3.649547203950310147e-03
3.645974034770928934e-03
3.642402358277176903e-03
3.638832175949113616e-03
3.635263495534284735e-03
3.631696315441586709e-03
3.628130648462676161e-03
3.624566490519588995e-03
3.621003844877649855e-03
3.617442707429445979e-03
3.613883089966308734e-03
3.610324994565633234e-03
3.606768424492768407e-03
3.603213381250415862e-03
3.599659872816800884e-03
3.596107899411643983e-03
3.592557464255987081e-03
3.589008569260398237e-03
3.585461218956252291e-03
3.581915416229856323e-03
3.578371165021428709e-03
3.574828453166717639e-03
3.571287298784426700e-03
3.567747705028837413e-03
3.564209675069041940e-03
3.560673216157233048e-03
3.557138327309412699e-03
3.553605011714847453e-03
3.550073272477889588e-03
3.546543112784083813e-03
3.543014534544975704e-03
3.539487542064755944e-03
3.535962138471647476e-03
3.532438325506735873e-03
3.528916108839665576e-03
3.525395490363397635e-03
3.521876474559440962e-03
3.518359063178746506e-03
3.514843255151857675e-03
3.511329057589622406e-03
3.507816473604279030e-03
3.504305506256923195e-03
3.500796158368619029e-03
3.497288432495750891e-03
3.493782334574074572e-03
3.490277868223963173e-03
3.486775026907204013e-03
3.483273827190952292e-03
3.479774265355336377e-03
3.476276344239697877e-03
3.472780067186328947e-03
3.469285436954376665e-03
3.465792456489374170e-03
3.462301128880660578e-03
3.458811456951262422e-03
3.455323443902763234e-03
3.451837092604736514e-03
3.448352398995691535e-03
3.444869379797093657e-03
3.441388032230608459e-03
3.437908347695455263e-03
3.434430347069079674e-03
3.430954019259693615e-03
3.427479372834112310e-03
3.424005691049027827e-03
3.420534437366456234e-03
3.417064864942386416e-03
3.413597014015292818e-03
3.410130859792170552e-03
3.406666417950138075e-03
3.403203665784265003e-03
3.399742609357948950e-03
3.396283263101468938e-03
3.392825626166199107e-03
3.389369702274886830e-03
3.385915502899116206e-03
3.382463015348351545e-03
3.379012267954254953e-03
3.375563234751046120e-03
3.372115941717411264e-03
3.368670362603558548e-03
3.365226497696421210e-03
3.361784376809850722e-03
3.358344009535323572e-03
3.354905382279191415e-03
3.351467814533322202e-03
3.348032672370609628e-03
3.344599276279018509e-03
3.341167636709419051e-03
3.337737749869125036e-03
3.334309577914076547e-03
3.330883197196680620e-03
3.327458581870204948e-03
3.324035700163834820e-03
3.320614600162233223e-03
3.317195281970701775e-03
3.313777718412181696e-03
3.310361986713358535e-03
3.306948049527177157e-03
3.303535861519969318e-03
3.300125464240233602e-03
3.296716856172441420e-03
3.293310066251115085e-03
3.289905054422240238e-03
3.286501839907291118e-03
3.283100434998231180e-03
3.279700834029085788e-03
3.276303054574831574e-03
3.272907058309862394e-03
3.269512868441390441e-03
3.266120486497034459e-03
3.262729934073467248e-03
3.259341178717799041e-03
3.255954241957397400e-03
3.252569125404969688e-03
3.249185840521806156e-03
3.245804343949702190e-03
3.242424684677256558e-03
3.239046856924705439e-03
3.235670868764105746e-03
3.232296717145637533e-03
3.228924404527704507e-03
3.225553929053279114e-03
3.222185297662800030e-03
3.218818512883777141e-03
3.215453577191016831e-03
3.212090493270438295e-03
3.208729263349065219e-03
3.205369889941834648e-03
3.202012375632087675e-03
3.198656722708587662e-03
3.195302937563097596e-03
3.191951018651286408e-03
3.188600968436266277e-03
3.185252789316562159e-03
3.181906483702117826e-03
3.178562054159675670e-03
3.175219502903280176e-03
3.171878832536825440e-03
3.168540045227545739e-03
3.165203143350205518e-03
3.161868129250628399e-03
3.158534994169794399e-03
3.155203751625156299e-03
3.151874403943692119e-03
3.148546953518785961e-03
3.145221402638107011e-03
3.141897753711883103e-03
3.138576008962092479e-03
3.135256170691322515e-03
3.131938241265327504e-03
3.128622223075400773e-03
3.125308118260196593e-03
3.121995929101496932e-03
3.118685657963536032e-03
3.115377307023676785e-03
3.112070878558874723e-03
3.108766374805378360e-03
3.105463798008726087e-03
3.102163150428239972e-03
3.098864433077306874e-03
3.095567661361219285e-03
3.092272825515206183e-03
3.088979690693477616e-03
3.085688735092191604e-03
3.082399705619061434e-03
3.079112627046244090e-03
3.075827500139995119e-03
3.072544326263307573e-03
3.069263100040356667e-03
3.065983809276964876e-03
3.062706520312657218e-03
3.059431182136462639e-03
3.056157943399754467e-03
3.052886533433352492e-03
3.049617055558181012e-03
3.046349548711000527e-03
3.043083988869467026e-03
3.039820443395691192e-03
3.036558884423736903e-03
3.033299301208774220e-03
3.030041688779963431e-03
3.026786051510123483e-03
3.023532408852427390e-03
3.020280730768092926e-03
3.017031033522756065e-03
3.013783322866005546e-03
3.010537601068682435e-03
3.007293878016785438e-03
3.004052139568784158e-03
3.000812395425327735e-03
2.997574649801503215e-03
2.994338902891385389e-03
2.991105155572301114e-03
2.987873411067603398e-03
2.984643671489018834e-03
2.981415939762161165e-03
2.978190216624936656e-03
2.974966504311810957e-03
2.971744811324223638e-03
2.968525126913778168e-03
2.965307457735110591e-03
2.962091807708582773e-03
2.958878200108322996e-03
2.955666606147925712e-03
2.952457028677170792e-03
2.949249494540849385e-03
2.946043978171486270e-03
2.942840320867487047e-03
2.939638870202306107e-03
2.936439402559430992e-03
2.933241994915826000e-03
2.930046635524970276e-03
2.926853302422121727e-03
2.923662008430590042e-03
2.920472762814882352e-03
2.917285554104388605e-03
2.914100398937263629e-03
2.910917282794775723e-03
2.907736227152039107e-03
2.904557221230891131e-03
2.901380268515653133e-03
2.898205363544944201e-03
2.895032525917124594e-03
2.891861746975183875e-03
2.888693023199209817e-03
2.885526362475156897e-03
2.882361766408542050e-03
2.879199241010565492e-03
2.876038784819803362e-03
2.872880398241974519e-03
2.869724077404109744e-03
2.866569829523729889e-03
2.863417656300542603e-03
2.860267559490550348e-03
2.857119540757118749e-03
2.853973601781315417e-03
2.850829744033504115e-03
2.847687969365427126e-03
2.844548279470094330e-03
2.841410675009911190e-03
2.838275158603724251e-03
2.835141731850245993e-03
2.832010396454327523e-03
2.828881160389568918e-03
2.825754018912979889e-03
2.822628973676184153e-03
2.819506026238825184e-03
2.816385177883324632e-03
2.813266430567876522e-03
2.810149785762917907e-03
2.807035245110398383e-03
2.803922810210693166e-03
2.800812482576449901e-03
2.797704263823816775e-03
2.794598155516797924e-03
2.791494159073623030e-03
2.788392276048606930e-03
2.785292508031644940e-03
2.782194856579773678e-03
2.779099322874597437e-03
2.776005904204707428e-03
2.772914608016658310e-03
2.769825436712610583e-03
2.766738384680400304e-03
2.763653462544254664e-03
2.760570668272540121e-03
2.757490001014195700e-03
2.754411460141820492e-03
2.751335050797514784e-03
2.748260781914747559e-03
2.745188656198817474e-03
2.742118647526696311e-03
2.739050808168809904e-03
2.735985099849744598e-03
2.732921524557991363e-03
2.729860090474758513e-03
2.726800805206197435e-03
2.723743664142745397e-03
2.720688669352560544e-03
2.717635822800149557e-03
2.714585099135728968e-03
2.711536533343185222e-03
2.708490118500840246e-03
2.705445855941626936e-03
2.702403746925506178e-03
2.699363785854451154e-03
2.696325987751600848e-03
2.693290347209373325e-03
2.690256866874142592e-03
2.687225546689240002e-03
2.684196387851385361e-03
2.681169391536715116e-03
2.678144559275632240e-03
2.675121892152981188e-03
2.672101391388451239e-03
2.669083058020826904e-03
2.666066894610046988e-03
2.663052894533709646e-03
2.660041071256582807e-03
2.657031422090746272e-03
2.654023944733324269e-03
2.651018645655929540e-03
2.648015523275595688e-03
2.645014569311773724e-03
2.642015800963033040e-03
2.639019226632655611e-03
2.636024830544043962e-03
2.633032616968718730e-03
2.630042587022942812e-03
2.627054743969273534e-03
2.624069087477816364e-03
2.621085620453602986e-03
2.618104340896686318e-03
2.615125248067068885e-03
2.612148345571730854e-03
2.609173632505493515e-03
2.606201112525006070e-03
2.603230788571675187e-03
2.600262667286304657e-03
2.597296730582646269e-03
2.594332933159604684e-03
2.591371399470783574e-03
2.588412071997463985e-03
2.585454932287289086e-03
2.582499993924698874e-03
2.579547255755396205e-03
2.576596726815756026e-03
2.573648408291261472e-03
2.570702297400616950e-03
2.567758370265339502e-03
2.564816632959765474e-03
2.561877121528571659e-03
2.558939813587855598e-03
2.556004722261202410e-03
2.553071842544546357e-03
2.550141168616467269e-03
2.547212706768588186e-03
2.544286466318755515e-03
2.541362437239230200e-03
2.538440624024901511e-03
2.535521006445877034e-03
2.532603624441622132e-03
2.529688508102408227e-03
2.526775593631225541e-03
2.523864901482751090e-03
2.520956427089864321e-03
2.518050179250710171e-03
2.515146147931022255e-03
2.512244341302834801e-03
2.509344758590355620e-03
2.506447402481089010e-03
2.503552273495388263e-03
2.500659372800173239e-03
2.497768701420274764e-03
2.494880260306270997e-03
2.491994050329559944e-03
2.489110072361060827e-03
2.486228327209808343e-03
2.483348815666324653e-03
2.480471535801607660e-03
2.477596493144598386e-03
2.474723686481286166e-03
2.471853115023527146e-03
2.468984781308841431e-03
2.466118686112645647e-03
2.463254830141242430e-03
2.460393214145474745e-03
2.457533838870453163e-03
2.454676720432924075e-03
2.451821838344905944e-03
2.448969194362644961e-03
2.446118799600981511e-03
2.443270640415161430e-03
2.440424725954152760e-03
2.437581063769198985e-03
2.434739648591149538e-03
2.431900487203713431e-03
2.429063573503979518e-03
2.426228903926473061e-03
2.423396482809883189e-03
2.420566317122656557e-03
2.417738397116459079e-03
2.414912726405926257e-03
2.412089307370939538e-03
2.409268135787027889e-03
2.406449225035394573e-03
2.403632563992690822e-03
2.400818150688887025e-03
2.398005992194662296e-03
2.395196089874182793e-03
2.392388444084913440e-03
2.389583054862222649e-03
2.386779923004000818e-03
2.383979048378673943e-03
2.381180434783618065e-03
2.378384076767572648e-03
2.375589986219822387e-03
2.372798158886722103e-03
2.370008570273742562e-03
2.367221246153200336e-03
2.364436184286346741e-03
2.361653381707652915e-03
2.358872845519861296e-03
2.356094575983106679e-03
2.353318570479241180e-03
2.350544828979636656e-03
2.347773368459525525e-03
2.345004125193369485e-03
2.342237199447537530e-03
2.339472532990930029e-03
2.336710135652676681e-03
2.333950005372897873e-03
2.331192145258863691e-03
2.328436553766144619e-03
2.325683232970472171e-03
2.322932184067097710e-03
2.320183408101470120e-03
2.317436905813532230e-03
2.314692674331477948e-03
2.311950720030464188e-03
2.309211038578175626e-03
2.306473598463330398e-03
2.303738432585549899e-03
2.301005540757806653e-03
2.298274923200209312e-03
2.295546580207555917e-03
2.292820511164924292e-03
2.290096732845007914e-03
2.287375229274436587e-03
2.284656003604650359e-03
2.281939052195225762e-03
2.279224385851198048e-03
2.276511935679615978e-03
2.273801817114153891e-03
2.271093952742594957e-03
2.268388345265995570e-03
2.265685060567008361e-03
2.262984062085669507e-03
2.260285343229659436e-03
2.257588894319754146e-03
2.254894724195925359e-03
2.252202833972381194e-03
2.249513224395072696e-03
2.246825895745133920e-03
2.244140848674872069e-03
2.241458083435823347e-03
2.238777599970325546e-03
2.236099396898532776e-03
2.233423476526722601e-03
2.230749840393753472e-03
2.228078484680130322e-03
2.225409412637588402e-03
2.222742633247887060e-03
2.220078135794039970e-03
2.217415921703880678e-03
2.214755985571044156e-03
2.212098344680972148e-03
2.209442988482417276e-03
2.206789918735040535e-03
2.204139132056729625e-03
2.201490628937691815e-03
2.198844410469352230e-03
2.196200598564144579e-03
2.193558951676467632e-03
2.190919586020385803e-03
2.188282510451523225e-03
2.185647724605248397e-03
2.183015413714632820e-03
2.180385193504736502e-03
2.177757263517893054e-03
2.175131613395252846e-03
2.172508248352687452e-03
2.169887164998952987e-03
2.167268379200368994e-03
2.164651866755826475e-03
2.162037640607195228e-03
2.159425699714018904e-03
2.156816048822320520e-03
2.154208682359202900e-03
2.151603606816310504e-03
2.149000815154471136e-03
2.146400309790729224e-03
2.143802099647840968e-03
2.141206169897869310e-03
2.138612533014578460e-03
2.136021179698427246e-03
2.133432119364593073e-03
2.130845322979372548e-03
2.128260817630064656e-03
2.125678598197875985e-03
2.123098664249033294e-03
2.120521039753295051e-03
2.117945705641245072e-03
2.115372673596634546e-03
2.112801931906677783e-03
2.110233463259117252e-03
2.107667278894594619e-03
2.105103367451926621e-03
2.102541732804409039e-03
2.099982379293206022e-03
2.097425307974138363e-03
2.094870535984315069e-03
2.092318052519432509e-03
2.089767843868130942e-03
2.087219915538827877e-03
2.084674290908614374e-03
2.082130984326861951e-03
2.079589970155779240e-03
2.077051219862013909e-03
2.074514734142387032e-03
2.071980583046069933e-03
2.069448692081378091e-03
2.066919089264287763e-03
2.064391773102750710e-03
2.061866744073477618e-03
2.059344003079422846e-03
2.056823549017276678e-03
2.054305381025470483e-03
2.051789523825810896e-03
2.049275931472257541e-03
2.046764626378278634e-03
2.044255608994755263e-03
2.041748876495060039e-03
2.039244427983092495e-03
2.036742265842743024e-03
2.034242409794240550e-03
2.031744840920838430e-03
2.029249557372773266e-03
2.026756557905006265e-03
2.024265842927420924e-03
2.021777413428585413e-03
2.019291273822093787e-03
2.016807411982259740e-03
2.014325835473073940e-03
2.011846531433976112e-03
2.009369510122788628e-03
2.006894770379396946e-03
2.004422315959993907e-03
2.001952142154394144e-03
1.999484248425681225e-03
1.997018667597239786e-03
1.994555360972955806e-03
1.992094346530465156e-03
1.989635583446067082e-03
1.987179094767653302e-03
1.984724885825082333e-03
1.982272957968867627e-03
1.979823308616687240e-03
1.977375937206671177e-03
1.974930839820754347e-03
1.972488061614192153e-03
1.970047543231778081e-03
1.967609326693414012e-03
1.965173358193644630e-03
1.962739702468667673e-03
1.960308296859409032e-03
1.957879171081605089e-03
1.955452321880002137e-03
1.953027777386642664e-03
1.950605471919041392e-03
1.948185444221536356e-03
1.945767727475886761e-03
1.943352296870972870e-03
1.940939161364880041e-03
1.938528274692323050e-03
1.936119681354393079e-03
1.933713341028040324e-03
1.931309272781736846e-03
1.928907489820742231e-03
1.926507978102563615e-03
1.924110743794720402e-03
1.921715773506341499e-03
1.919323077546168177e-03
1.916932657531655090e-03
1.914544513650406508e-03
1.912158644760442042e-03
1.909775045289370836e-03
1.907393714367016779e-03
1.905014652050736335e-03
1.902637858427557761e-03
1.900263333533780798e-03
1.897891072832750973e-03
1.895521084372086846e-03
1.893153362338281841e-03
1.890787914491932594e-03
1.888424729846146502e-03
1.886063843028943634e-03
1.883705224044117301e-03
1.881348875258918862e-03
1.878994748472815127e-03
1.876642887768406945e-03
1.874293290532334701e-03
1.871945971995041822e-03
1.869600908261841079e-03
1.867258118008069141e-03
1.864917585825869809e-03
1.862579314245038685e-03
1.860243302136021636e-03
1.857909546059109424e-03
1.855578049804805767e-03
1.853248815297503386e-03
1.850921839119081891e-03
1.848597123311532427e-03
1.846274657984162343e-03
1.843954451191154396e-03
1.841636503460370410e-03
1.839320815611188370e-03
1.837007378812883932e-03
1.834696202039548312e-03
1.832387276968695583e-03
1.830080606373484832e-03
1.827776192897281405e-03
1.825474026337220706e-03
1.823174114493916840e-03
1.820876454717840123e-03
1.818581050562369282e-03
1.816287923882870794e-03
1.813997004968142786e-03
1.811708347781475908e-03
1.809421968138273402e-03
1.807137815606825893e-03
1.804855903244086688e-03
1.802576240087458773e-03
1.800298831726909222e-03
1.798023666630980174e-03
1.795750751781170556e-03
1.793480072869550095e-03
1.791211618295770504e-03
1.788945433169454634e-03
1.786681497484543611e-03
1.784419797264835510e-03
1.782160335113030288e-03
1.779903124318955084e-03
1.777648115431802517e-03
1.775395402509073739e-03
1.773144935625322596e-03
1.770896653816057169e-03
1.768650608574015700e-03
1.766406853280887233e-03
1.764165331077639093e-03
1.761925987804264723e-03
