4.996242285223905823e-03
4.992533688500497453e-03
4.988839539231607403e-03
4.985150934867688295e-03
4.981466531056289587e-03
4.977785401710713500e-03
4.974106286896961757e-03
4.970428403505689624e-03
4.966751229556167629e-03
4.963074436450376319e-03
4.959397827038524408e-03
4.955721286011080876e-03
4.952044754613203585e-03
4.948368203398098575e-03
4.944691620992390513e-03
4.941015006317635641e-03
4.937338366818271387e-03
4.933661708040238195e-03
4.929985068901346010e-03
4.926308437441590665e-03
4.922631827499353123e-03
4.918955253156336201e-03
4.915278729658681053e-03
4.911602271657136178e-03
4.907925891703631555e-03
4.904249600326768613e-03
4.900573414817146860e-03
4.896897342422372457e-03
4.893221397002260609e-03
4.889545590701285110e-03
4.885869930686392686e-03
4.882194426491618354e-03
4.878518996513916614e-03
4.874843747137312319e-03
4.871168686100022654e-03
4.867493821327809229e-03
4.863819159717315890e-03
4.860144707162836371e-03
4.856470470532882507e-03
4.852796455592704554e-03
4.849122668129563808e-03
4.845449110110398167e-03
4.841775789093357915e-03
4.838102709485377941e-03
4.834429875518374276e-03
4.830757291192634001e-03
4.827084960252221203e-03
4.823412886249787979e-03
4.819741072554514262e-03
4.816069522370488958e-03
4.812398242189900796e-03
4.808727231529053361e-03
4.805056493198139704e-03
4.801386029910629030e-03
4.797715844321699501e-03
4.794045938963113242e-03
4.790376316333025582e-03
4.786706979448032175e-03
4.783037930159370066e-03
4.779369170846648786e-03
4.775700703871490517e-03
4.772032531582407269e-03
4.768364656321628751e-03
4.764697080431212935e-03
4.761029802956780882e-03
4.757362829637874248e-03
4.753696162847127239e-03
4.750029804970887920e-03
4.746363758417389625e-03
4.742698025619509171e-03
4.739032609037136488e-03
4.735367510924829229e-03
4.731702733902669496e-03
4.728038280680526943e-03
4.724374153826527839e-03
4.720710355675216199e-03
4.717046889161289648e-03
4.713383756973607737e-03
4.709720961836339446e-03
4.706058506509069872e-03
4.702396393786692670e-03
4.698734626499214036e-03
4.695073207511443920e-03
4.691412139722545872e-03
4.687751426065546109e-03
4.684091069506762794e-03
4.680431073045164189e-03
4.676771439711679967e-03
4.673112172569810971e-03
4.669453274710763310e-03
4.665794749256736533e-03
4.662136599358741341e-03
4.658478828198859938e-03
4.654821438980085747e-03
4.651164434934717748e-03
4.647507819326887092e-03
4.643851595432410898e-03
4.640195766557110059e-03
4.636540336029622289e-03
4.632885307200542563e-03
