2.963469096259105928e+00
2.916753873702082611e+00
2.873949948083210693e+00
2.833847878349380789e+00
2.796423465776607831e+00
2.761655770043450087e+00
2.729487643457371604e+00
2.699839111408956605e+00
2.672614258676550669e+00
2.647704866884541097e+00
2.624993150667757291e+00
2.604354332946898776e+00
2.585659223116015593e+00
2.568776636941024094e+00
2.553575607161111538e+00
2.539927351720065563e+00
2.527706789309494884e+00
2.516793752991045796e+00
2.507073924266583376e+00
2.498439458641090738e+00
2.490789328225370358e+00
2.484029532124863326e+00
2.478073102122967608e+00
2.472839965843171228e+00
2.468256740900919510e+00
2.464256427808947159e+00
2.460778079771137605e+00
2.457766426751748057e+00
2.455171481519121013e+00
2.452948153544149079e+00
2.451055855330522615e+00
2.449458130366246156e+00
2.448122291798633832e+00
2.447019074532458038e+00
2.446122318833405807e+00
2.445408669588442496e+00
2.444857302247190667e+00
2.444449665201628097e+00
2.444169251833122836e+00
2.444001385997247588e+00
2.443933027220536403e+00
2.443952599233881084e+00
2.444049831372443471e+00
2.444215617634560633e+00
2.444441888005695507e+00
2.444721494578933285e+00
2.445048110582602963e+00
2.445416136478975488e+00
2.445820619603821466e+00
2.446257180093992289e+00
2.446721948781124034e+00
2.447211504025668116e+00
2.447722824637851513e+00
2.448253242876088365e+00
2.448800403595034147e+00
2.449362228462048652e+00
2.449936882490181045e+00
2.450522749802239275e+00
2.451118404125666839e+00
2.451722588731070740e+00
2.452334194986165894e+00
2.452952246084106669e+00
2.453575883228235721e+00
2.454204348993245688e+00
2.454836976109599611e+00
2.455473178545188873e+00
2.456112439787021984e+00
2.456754305816193806e+00
2.457398377098054087e+00
2.458044303366460515e+00
2.458691775929589873e+00
2.459340522935064222e+00
2.459990308526267100e+00
2.460640922925136920e+00
2.461292182420697916e+00
2.461943926661481097e+00
2.462596013175759158e+00
2.463248323031066001e+00
2.463900745500724909e+00
2.464553185407040381e+00
2.465205560515923988e+00
2.465857796241102573e+00
2.466509833960085274e+00
2.467161615915490103e+00
2.467813094216355640e+00
2.468464226395559624e+00
2.469114975550194213e+00
2.469765310997140695e+00
2.470415203618302691e+00
2.471064630400424900e+00
2.471713570421653738e+00
2.472362004790827239e+00
2.473009918195209877e+00
2.473657297420452483e+00
2.474304130363583987e+00
2.474950405420095478e+00
2.475596116613943742e+00
2.476241255278568865e+00
2.476885814555503718e+00
2.477529789453283726e+00
2.478173176361281538e+00
2.478815970392593382e+00
2.479458166873779401e+00
2.480099765749588681e+00
2.480740762968926205e+00
2.481381157446630681e+00
2.482020946190294453e+00
2.482660128755326046e+00
2.483298704665809264e+00
2.483936672955809222e+00
2.484574032417995237e+00
2.485210781555701853e+00
2.485846916937608508e+00
2.486482440277576256e+00
2.487117361133407201e+00
2.487751674212088204e+00
2.488385444676502356e+00
2.489018534862807552e+00
2.489651072473276106e+00
2.490282994451777920e+00
2.490914300865044950e+00
2.491544944628359737e+00
2.492174981668567213e+00
2.492804405177909466e+00
2.493433221599163918e+00
2.494061476295540203e+00
2.494689117148199742e+00
2.495316106383373533e+00
2.495942490791787982e+00
2.496568268527814549e+00
2.497193441025514993e+00
2.497818010017962553e+00
2.498441973105431035e+00
2.499065331740161433e+00
2.499688085223448208e+00
2.500310234795317665e+00
2.500931779879041361e+00
2.501552720331912116e+00
2.502173057087633712e+00
2.502792790618751706e+00
2.503411921253615002e+00
2.504030448560574662e+00
2.504648373209403367e+00
2.505265695733606801e+00
2.505882416202743102e+00
2.506498534811754997e+00
2.507114052051158559e+00
2.507728968214641974e+00
2.508343283255727307e+00
2.508956997095980412e+00
2.509570110092137263e+00
2.510182622614171244e+00
2.510794534817256451e+00
2.511405846973591593e+00
2.512016559435320762e+00
2.512626672276095263e+00
2.513236185962968161e+00
2.513845100620077044e+00
2.514453416607574265e+00
2.515061134090740058e+00
2.515668253359652162e+00
2.516274774440249384e+00
2.516880698044610565e+00
2.517486025472357891e+00
2.518090753775420243e+00
2.518694884895128716e+00
2.519298419032745873e+00
2.519901356521102809e+00
2.520503698010066351e+00
2.521105442515426898e+00
2.521706591070541847e+00
2.522307143803824481e+00
2.522907097103515905e+00
2.523506455360333689e+00
2.524105218631897074e+00
2.524703385907601572e+00
2.525300958161908582e+00
2.525897936288665768e+00
2.526494320285431971e+00
2.527090110358192643e+00
2.527685305835502216e+00
2.528279909013078974e+00
2.528873920024740318e+00
2.529467336412586143e+00
2.530060160211348830e+00
2.530652390327198908e+00
2.531244027266316365e+00
2.531835074129612284e+00
2.532425529070092107e+00
2.533015392605042049e+00
2.533604664444619292e+00
2.534193345198602731e+00
2.534781267938307270e+00
2.535368778160116854e+00
2.535955698290599081e+00
2.536542028916851876e+00
2.537127769830446855e+00
2.537712921831674961e+00
2.538297484679944205e+00
2.538881458352921783e+00
2.539464844944710364e+00
2.540047643015517220e+00
2.540629853342939004e+00
2.541211475487665794e+00
2.541792509954819312e+00
2.542372956675545748e+00
2.542952816042458597e+00
2.543532086578538021e+00
2.544110772718147118e+00
2.544688870898463406e+00
2.545266385131738751e+00
2.545843314103411803e+00
2.546419658182230261e+00
2.546995413476283332e+00
2.547570584408194172e+00
2.548145171797566721e+00
2.548719174860554215e+00
2.549292593861847589e+00
2.549865428912995391e+00
2.550437680300352561e+00
2.551009348264244636e+00
2.551580433983978935e+00
2.552150936935133174e+00
2.552720856543068795e+00
2.553290194624222131e+00
2.553858950571650688e+00
2.554427123901996222e+00
2.554994715994391541e+00
2.555561724343164087e+00
2.556128153092422473e+00
2.556694001552622275e+00
2.557259272736513545e+00
2.557823964208914003e+00
2.558388076100154951e+00
2.558951607950871399e+00
2.559514561430133561e+00
2.560076936407170489e+00
2.560638734037966380e+00
2.561199953913695815e+00
2.561760596497215214e+00
2.562320662124148996e+00
2.562880150553770608e+00
2.563439061858195700e+00
2.563997400648150293e+00
2.564555158092955978e+00
2.565112342553812486e+00
2.565668951876455939e+00
2.566224983222998191e+00
2.566780434167011737e+00
2.567335314983767880e+00
2.567889626494272992e+00
2.568443363939951762e+00
2.568996527108644123e+00
2.569549117856670062e+00
2.570101135884640620e+00
2.570652582476378623e+00
2.571203451764580539e+00
2.571753754717729823e+00
2.572303479029514950e+00
2.572852631349115793e+00
2.573401211902230923e+00
2.573949224887666531e+00
2.574496668967947599e+00
2.575043536882760442e+00
2.575589834473488438e+00
2.576135561940121832e+00
2.576680719311738699e+00
2.577225307174958235e+00
2.577769325899102792e+00
2.578312775294943293e+00
2.578855655983568251e+00
2.579397968561385923e+00
2.579939714674163387e+00
2.580480891164543600e+00
2.581021501288869757e+00
2.581561546381138328e+00
2.582101022181199745e+00
2.582639931091109453e+00
2.583178274058623547e+00
2.583716051098966293e+00
2.584253267632628859e+00
2.584789915219569245e+00
2.585325997972174328e+00
2.585861516002189830e+00
2.586396469820579913e+00
2.586930858863901062e+00
2.587464687003870001e+00
2.587997951943197705e+00
2.588530654031290901e+00
2.589062793492453274e+00
2.589594370837234649e+00
2.590125386175491595e+00
2.590655840306256508e+00
2.591185733164997451e+00
2.591715061410012844e+00
2.592243828884256196e+00
2.592772035936479647e+00
2.593299683069235861e+00
2.593826770430053053e+00
2.594353298337381819e+00
2.594879269420947487e+00
2.595404678576847868e+00
2.595929529249194623e+00
2.596453821762602754e+00
2.596977556248408536e+00
2.597500733223735203e+00
2.598023353118195988e+00
2.598545416633223137e+00
2.599066923615168889e+00
2.599587875704570283e+00
2.600108271919119751e+00
2.600628112597765718e+00
2.601147398068117678e+00
2.601666128658187027e+00
2.602184302744538158e+00
2.602701922597297823e+00
2.603218988726427874e+00
2.603735501286504661e+00
2.604251460609134927e+00
2.604766866967922034e+00
2.605281720753310548e+00
2.605796022298287884e+00
2.606309771936317965e+00
2.606822970001354101e+00
2.607335616827829661e+00
2.607847712750618552e+00
2.608359258105102274e+00
2.608870253180431753e+00
2.609380698334115234e+00
2.609890593928008151e+00
2.610399940299335420e+00
2.610908737785771816e+00
2.611416986725452194e+00
2.611924687456957273e+00
2.612431840312468889e+00
2.612938445654137798e+00
2.613444503765992799e+00
2.613950015028448703e+00
2.614454979782349309e+00
2.614959396978434381e+00
2.615463268165375332e+00
2.615966593509648330e+00
2.616469374248111102e+00
2.616971609655175168e+00
2.617473301152873244e+00
2.617974448604435178e+00
2.618475052312069895e+00
2.618975112095608182e+00
2.619474629074951988e+00
2.619973601929608265e+00
2.620472033329422690e+00
2.620969922995683099e+00
2.621467271247905018e+00
2.621964078048786728e+00
2.622460343994176046e+00
2.622956069294748005e+00
2.623451254152701306e+00
2.623945899064835885e+00
2.624440004380555802e+00
2.624933570449678122e+00
2.625426598026673553e+00
2.625919086664666668e+00
2.626411037483172173e+00
2.626902450457897498e+00
2.627393325940607482e+00
2.627883664283453324e+00
2.628373465838971690e+00
2.628862730960077165e+00
2.629351459932010027e+00
2.629839653242078246e+00
2.630327310629247961e+00
2.630814435441190202e+00
2.631301025576907815e+00
2.631787081391001593e+00
2.632272602467416789e+00
2.632757589940438070e+00
2.633242044166373308e+00
2.633725965501948263e+00
2.634209354323789665e+00
2.634692210977040094e+00
2.635174535810579588e+00
2.635656329235022799e+00
2.636137591554888804e+00
2.636618323030249567e+00
2.637098524471668259e+00
2.637578195581050888e+00
2.638057337026727289e+00
2.638535949169134476e+00
2.639014032369052298e+00
2.639491586991024263e+00
2.639968613418901988e+00
2.640445114453569886e+00
2.640921088201275690e+00
2.641396532737153802e+00
2.641871450479753136e+00
2.642345841831251096e+00
2.642819709133981565e+00
2.643293050709758063e+00
2.643765866908797779e+00
2.644238158175212572e+00
2.644709924795933365e+00
2.645181167181600124e+00
2.645651885769958245e+00
2.646122081281089056e+00
2.646591753102832012e+00
2.647060900975119146e+00
2.647529526424769131e+00
2.647997629871797542e+00
2.648465211388975504e+00
2.648932274866307779e+00
2.649398814753335163e+00
2.649864830049593500e+00
2.650330326079187948e+00
2.650795302612066529e+00
2.651259762855535218e+00
2.651723704255922076e+00
2.652187127002406886e+00
2.652650031621281990e+00
2.653112418435611186e+00
2.653574287856722780e+00
2.654035640152910602e+00
2.654496474949404661e+00
2.654956794365056272e+00
2.655416597344203211e+00
2.655875884797525455e+00
2.656334657937144517e+00
2.656792913469309347e+00
2.657250654341766438e+00
2.657707881206492484e+00
2.658164596546804148e+00
2.658620796574231893e+00
2.659076483173862471e+00
2.659531659801401382e+00
2.659986324218653220e+00
2.660440476852636404e+00
2.660894118086036375e+00
2.661347243821779784e+00
2.661799863109247433e+00
2.662251969633615101e+00
2.662703565916189064e+00
2.663154650072511842e+00
2.663605224828976770e+00
2.664055290528708486e+00
2.664504847491897976e+00
2.664953902600602387e+00
2.665402443444975678e+00
2.665850480404546197e+00
2.666298010234370963e+00
2.666745029982881210e+00
2.667191542954449268e+00
2.667637550331742879e+00
2.668083052081720918e+00
2.668528048470932834e+00
2.668972540002255922e+00
2.669416527059768729e+00
2.669860010023156427e+00
2.670302989227048229e+00
2.670745464950978310e+00
2.671187437717588153e+00
2.671628907907712680e+00
2.672069875902361780e+00
2.672510342056443555e+00
2.672950306777553742e+00
2.673389770388374664e+00
2.673828733329017826e+00
2.674267195981457235e+00
2.674705158727852972e+00
2.675142621852276470e+00
2.675579587732057618e+00
2.676016054834337687e+00
2.676452023559225513e+00
2.676887494289617475e+00
2.677322467122052796e+00
2.677756942970269893e+00
2.678190924160146480e+00
2.678624406358128152e+00
2.679057392007222038e+00
2.679489881411389440e+00
2.679921878862844498e+00
2.680353371499792914e+00
2.680784372867271781e+00
2.681214882190452009e+00
2.681644896228537966e+00
2.682074417331812288e+00
2.682503444886780386e+00
2.682931978895621850e+00
2.683360020069574414e+00
2.683787564772612377e+00
2.684214624166650243e+00
2.684641188961555791e+00
2.685067261713605991e+00
2.685492848229850349e+00
2.685917945793225403e+00
2.686342553330842264e+00
2.686766669756353920e+00
2.687190300085699146e+00
2.687613441785280166e+00
2.688036093602079291e+00
2.688458260154066082e+00
2.688879939571128475e+00
2.689301128957120035e+00
2.689721834389641852e+00
2.690142053817807355e+00
2.690561755613849027e+00
2.690981003807866312e+00
2.691399766386603609e+00
2.691818045080284882e+00
2.692235840768825383e+00
2.692653151357239594e+00
2.693069984435040531e+00
2.693486333943825084e+00
2.693902196127715420e+00
2.694317579244871474e+00
2.694732483634004971e+00
2.695146904463675774e+00
2.695560846829093915e+00
2.695974306157804978e+00
2.696387284121578798e+00
2.696799784273899103e+00
2.697211802987717455e+00
2.697623342982902184e+00
2.698034405763324983e+00
2.698444988656298893e+00
2.698855093655080140e+00
2.699264721177745407e+00
2.699673872725767421e+00
2.700082547003441302e+00
2.700490745092809508e+00
2.700898467323125551e+00
2.701305713486758187e+00
2.701712485059588609e+00
2.702118781937694170e+00
2.702524604401330244e+00
2.702929952952594306e+00
2.703334828963380509e+00
2.703739230472895105e+00
2.704143160851417260e+00
2.704546617310469525e+00
2.704949604289992315e+00
2.705352117398946987e+00
2.705754159799384606e+00
2.706155730850442254e+00
2.706556831765750903e+00
2.706957462713099005e+00
2.707357616611024920e+00
2.707757307532448809e+00
2.708156523831040996e+00
2.708555279726813314e+00
2.708953568215531682e+00
2.709351389642888019e+00
2.709748741670141570e+00
2.710145621664219906e+00
2.710542038920505714e+00
2.710937988268684595e+00
2.711333470268105561e+00
2.711728489088606420e+00
2.712123043641366138e+00
2.712517134504879301e+00
2.712910761242866453e+00
2.713303923811101193e+00
2.713696621292129407e+00
2.714088857996988846e+00
2.714480630688184348e+00
2.714871941783669751e+00
2.715262791386417796e+00
2.715653179736714495e+00
2.716043107553884006e+00
2.716432575783040093e+00
2.716821583828870956e+00
2.717210132176863802e+00
2.717598221222563559e+00
2.717985851355250393e+00
2.718373022981611875e+00
2.718759736619314804e+00
2.719145992532574052e+00
2.719531791114452979e+00
2.719917132425788697e+00
2.720302017493361646e+00
2.720686446368714595e+00
2.721070418803743340e+00
2.721453935837421234e+00
2.721836997800351821e+00
2.722219606183374996e+00
2.722601760382794556e+00
2.722983460793115817e+00
2.723364706418934578e+00
2.723745500688091958e+00
2.724125842391916574e+00
2.724505731303987321e+00
2.724885168666145940e+00
2.725264154619870816e+00
2.725642689556424525e+00
2.726020773875179160e+00
2.726398408124100392e+00
2.726775592439619977e+00
2.727152327017615452e+00
2.727528612623064230e+00
2.727904449131298481e+00
2.728279838470274665e+00
2.728654779423833165e+00
2.729029272746072987e+00
2.729403319645551385e+00
2.729776919862573425e+00
2.730150073858297777e+00
2.730522782031794993e+00
2.730895044764615864e+00
2.731266861791708411e+00
2.731638234818851263e+00
2.732009163442011612e+00
2.732379648368402858e+00
2.732749688768433050e+00
2.733119286997329755e+00
2.733488442533925866e+00
2.733857155766392655e+00
2.734225426852119334e+00
2.734593256425381647e+00
2.734960644931804019e+00
2.735327593062371054e+00
2.735694100902612114e+00
2.736060168803030823e+00
2.736425797211221589e+00
2.736790986548053972e+00
2.737155737007596290e+00
2.737520049335256278e+00
2.737883923754072413e+00
2.738247360476481873e+00
2.738610359869621647e+00
2.738972922380667807e+00
2.739335048719241605e+00
2.739696739718776364e+00
2.740057994935388486e+00
2.740418815146930864e+00
2.740779200064830334e+00
2.741139150496382015e+00
2.741498667104511178e+00
2.741857750828088136e+00
2.742216401390142000e+00
2.742574619240218503e+00
2.742932403891007009e+00
2.743289756438967775e+00
2.743646678409398021e+00
2.744003168955638117e+00
2.744359228553863606e+00
2.744714857798296492e+00
2.745070057079102455e+00
2.745424826904391047e+00
2.745779167427048417e+00
2.746133079203137317e+00
2.746486562652429075e+00
2.746839617511153353e+00
2.747192245354390217e+00
2.747544446199470247e+00
2.747896219548525476e+00
2.748247565407157200e+00
2.748598486723203838e+00
2.748948982600867286e+00
2.749299052085469874e+00
2.749648697496731131e+00
2.749997920400915508e+00
2.750346719288057518e+00
2.750695094427717091e+00
2.751043047632840910e+00
2.751390577942338656e+00
2.751737685749817253e+00
2.752084371453983991e+00
2.752430635432252526e+00
2.752776477839629976e+00
2.753121899339530554e+00
2.753466900323929600e+00
2.753811481133636718e+00
2.754155642254284775e+00
2.754499384066213086e+00
2.754842706986182943e+00
2.755185611408990098e+00
2.755528097717456326e+00
2.755870166312718528e+00
2.756211816785830493e+00
2.756553050294060281e+00
2.756893867305597379e+00
2.757234268319108228e+00
2.757574253840580525e+00
2.757913828450855753e+00
2.758252980038888857e+00
2.758591717642678187e+00
2.758930038007146646e+00
2.759267945888965734e+00
2.759605443012426385e+00
2.759942527665129042e+00
2.760279200022738522e+00
2.760615459794196092e+00
2.760951306949072315e+00
2.761286743968402568e+00
2.761621770012838262e+00
2.761956385485219823e+00
2.762290591834771991e+00
2.762624388368690287e+00
2.762957776344046934e+00
2.763290754579789787e+00
2.763623324237732604e+00
2.763955486104084258e+00
2.764287239703744348e+00
2.764618580685066274e+00
2.764949516658002260e+00
2.765280047626809345e+00
2.765610170283638425e+00
2.765939885719977287e+00
2.766269201501512232e+00
2.766598109322482291e+00
2.766926610899236749e+00
2.767254711707293868e+00
2.767582408938263683e+00
2.767909699206478003e+00
2.768236587053967579e+00
2.768563072320953111e+00
2.768889152328196435e+00
2.769214829005393064e+00
2.769539981665427586e+00
2.769864857099806343e+00
2.770189332692353901e+00
2.770513408341147343e+00
2.770837083963779257e+00
2.771160360301459402e+00
2.771483237598529215e+00
2.771805715524193747e+00
2.772127795002840678e+00
2.772449476799816903e+00
2.772770760807485413e+00
2.773091647942452553e+00
2.773412138019631268e+00
2.773732231694388872e+00
2.774051930475341265e+00
2.774371233792380931e+00
2.774690141805561616e+00
2.775008654956084619e+00
2.775326773603290942e+00
2.775644497732836502e+00
2.775961828150542043e+00
2.776278765203650689e+00
2.776595309553381963e+00
2.776911460989890390e+00
2.777227219942492997e+00
2.777542587389739470e+00
2.777857563681136455e+00
2.778172148931521424e+00
2.778486343269204628e+00
2.778800147320079628e+00
2.779113561510040853e+00
2.779426585897753377e+00
2.779739221539991423e+00
2.780051468460650543e+00
2.780363327061432077e+00
2.780674797695784850e+00
2.780985880298723512e+00
2.781296576386291797e+00
2.781606885556007214e+00
2.781916808300897603e+00
2.782226344240797733e+00
2.782535495520741087e+00
2.782844261585259993e+00
2.783152641579741626e+00
2.783460637796516313e+00
2.783768250012610856e+00
2.784075478560913641e+00
2.784382323818730853e+00
2.784688786583934927e+00
2.784994864883672872e+00
2.785300562824671644e+00
2.785605877542623787e+00
2.785910807625151087e+00
2.786215360545206909e+00
2.786519535923903668e+00
2.786823327806449591e+00
2.787126739646824003e+00
2.787429773394853427e+00
2.787732426034626787e+00
2.788034656842561354e+00
2.788336560064894609e+00
2.788638081725941298e+00
2.788939225698870317e+00
2.789239992925571343e+00
2.789540382717141220e+00
2.789840396144553036e+00
2.790140031770146578e+00
2.790439290673424111e+00
2.790738176352562050e+00
2.791036686407408318e+00
2.791334822693174011e+00
2.791632584133993067e+00
2.791929972617472444e+00
2.792226987615329392e+00
2.792523630688809266e+00
2.792819901783308190e+00
2.793115800485393763e+00
2.793411327490173957e+00
2.793706483110183658e+00
2.794001267755878537e+00
2.794295681780988527e+00
2.794589726118332784e+00
2.794883400458339384e+00
2.795176704965256942e+00
2.795469640642056497e+00
2.795762207232323604e+00
2.796054405591682279e+00
2.796346236034803923e+00
2.796637698989846044e+00
2.796928794553946052e+00
2.797219523291158971e+00
2.797509885598204349e+00
2.797799881879148742e+00
2.798089512476822804e+00
2.798378777965157216e+00
2.798667678365645006e+00
2.798956214491699512e+00
2.799244386205117952e+00
2.799532194135224916e+00
2.799819638667670585e+00
2.800106720180136843e+00
2.800393439321645417e+00
2.800679795964157393e+00
2.800965790724535331e+00
2.801251423979613797e+00
2.801536696035143770e+00
2.801821607351629329e+00
2.802106158103879974e+00
2.802390349239066936e+00
2.802674180448917696e+00
2.802957652100017238e+00
2.803240763558779491e+00
2.803523519601936353e+00
2.803805914464257754e+00
2.804087951630260811e+00
2.804369631270451357e+00
2.804650953981454808e+00
2.804931919979910759e+00
2.805212529246979614e+00
2.805492782625671477e+00
2.805772680146288778e+00
2.806052222614581648e+00
2.806331409230943041e+00
2.806610245407688442e+00
2.806888727333983979e+00
2.807166855713742581e+00
2.807444630667287555e+00
2.807722051881444525e+00
2.807999118301246710e+00
2.808275833785357722e+00
2.808552197104455139e+00
2.808828209556263111e+00
2.809103870719254825e+00
2.809379180974641343e+00
2.809654141082306822e+00
2.809928751696687321e+00
2.810203011142168972e+00
2.810476922530094068e+00
2.810750484536421734e+00
2.811023697437704527e+00
2.811296562609735705e+00
2.811569080668936849e+00
2.811841251786963536e+00
2.812113076335442052e+00
2.812384554412442395e+00
2.812655686303169311e+00
2.812926472339581263e+00
2.813196912381912274e+00
2.813467007336071912e+00
2.813736757956486034e+00
2.814006163539168437e+00
2.814275225394609503e+00
2.814543944092310568e+00
2.814812319503957383e+00
2.815080351992363727e+00
2.815348041815536551e+00
2.815615389297483340e+00
2.815882395003026506e+00
2.816149058957797102e+00
2.816415381332142420e+00
2.816681363557041795e+00
2.816947005198666698e+00
2.817212307180749775e+00
2.817477269264251571e+00
2.817741892063467368e+00
2.818006176362255033e+00
2.818270121666118566e+00
2.818533728769304414e+00
2.818796997175479824e+00
2.819059928725941688e+00
2.819322523663097879e+00
2.819584781995244871e+00
2.819846702836579677e+00
2.820108288515328798e+00
2.820369538053288494e+00
2.820630452959163481e+00
2.820891033062961295e+00
2.821151277995411544e+00
2.821411188817575688e+00
2.821670766396828789e+00
2.821930010731234173e+00
2.822188922444158088e+00
2.822447500353439498e+00
2.822705746529182935e+00
2.822963660936492758e+00
2.823221244051092871e+00
2.823478496034490526e+00
2.823735417408571369e+00
2.823992008270656218e+00
2.824248269103123210e+00
2.824504199824311446e+00
2.824759801459422182e+00
2.825015074277048566e+00
2.825270018685891671e+00
2.825524634691928494e+00
2.825778922505103985e+00
2.826032882663707557e+00
2.826286515579695902e+00
2.826539821836846489e+00
2.826792801619970597e+00
2.827045457888435642e+00
2.827297788358136277e+00
2.827549793152739355e+00
2.827801475501951156e+00
2.828052829532604839e+00
2.828303859346085414e+00
2.828554568617222653e+00
2.828804951496060038e+00
2.829055007295461444e+00
2.829304739977875460e+00
2.829554151465824674e+00
2.829803240724962698e+00
2.830052007683141024e+00
2.830300448435856264e+00
2.830548572536017993e+00
2.830796376050130458e+00
2.831043859330001133e+00
2.831291022296464455e+00
2.831537865731037495e+00
2.831784389498689158e+00
2.832030591466541125e+00
2.832276479243437173e+00
2.832522048303269369e+00
2.832767299740667433e+00
2.833012233786961875e+00
2.833256850526749471e+00
2.833501150464905471e+00
2.833745131839226161e+00
2.833988796775515073e+00
2.834232144129931186e+00
2.834475177223507281e+00
2.834717895792080444e+00
2.834960299267533124e+00
2.835202387638783073e+00
2.835444162652251965e+00
2.835685623763433583e+00
2.835926771329211782e+00
2.836167605531204838e+00
2.836408127315082961e+00
2.836648336747660260e+00
2.836888234109752993e+00
2.837127819158967057e+00
2.837367093212249891e+00
2.837606056297768742e+00
2.837844708804124760e+00
2.838083050986139000e+00
2.838321083553497104e+00
2.838558806516974897e+00
2.838796219109775976e+00
2.839033322734575648e+00
2.839270118420034184e+00
2.839506605917901272e+00
2.839742785023359861e+00
2.839978656456746631e+00
2.840214221420486407e+00
2.840449479481066852e+00
2.840684431397741960e+00
2.840919077224909994e+00
2.841153417216934152e+00
2.841387451818210508e+00
2.841621181280906683e+00
2.841854606037386599e+00
2.842087726305892570e+00
2.842320542536409533e+00
2.842553055339120949e+00
2.842785264911796617e+00
2.843017171245707964e+00
2.843248777468796895e+00
2.843480081486116084e+00
2.843711083745189772e+00
2.843941784175601839e+00
2.844172183405957899e+00
2.844402282402868742e+00
2.844632079831574067e+00
2.844861576921933644e+00
2.845090774426101365e+00
2.845319672014538170e+00
2.845548270343309039e+00
2.845776569636555564e+00
2.846004570226159380e+00
2.846232272490728743e+00
2.846459676760214830e+00
2.846686783173123736e+00
2.846913591920822384e+00
