3.112172257505233741e+00
1.049754267372062122e+00
6.160301288123378072e+00
7.477822328733582324e+00
8.090938053546926412e+00
7.434228658651213628e+00
7.942426044234469629e+00
8.313113657575655679e+00
7.797801731169793804e+00
7.270150922313802333e+00
7.662385306248586048e+00
7.978700772687818521e+00
8.240420199325043882e+00
7.832378286247848820e+00
7.426749276129303468e+00
7.700343174720862827e+00
7.936778578819213337e+00
7.582060741761074141e+00
7.806065152068947910e+00
7.476628312999127779e+00
7.688612040295437211e+00
7.878633350977904293e+00
8.050020578492828704e+00
7.765030220207131961e+00
7.930246649568815975e+00
8.081257584031481755e+00
8.219844825835981084e+00
8.347507474637508196e+00
8.102985963414690573e+00
8.228089344737581357e+00
8.344328253079682511e+00
8.118196718533829070e+00
8.232231160309522622e+00
8.338940032209034570e+00
8.439019066758310927e+00
8.533077977951368354e+00
8.621652052127284804e+00
8.705215659250429283e+00
8.784188084559719556e+00
8.858943716690383496e+00
8.675041917678802506e+00
8.749814659298607467e+00
8.820876114591191808e+00
8.888499881328877805e+00
8.717853827284997692e+00
8.785520761380958277e+00
8.850127274693472046e+00
8.688189565886073495e+00
8.752728339271991231e+00
8.814529355650769560e+00
8.873765604418874631e+00
8.930595756119817707e+00
8.985165601293568116e+00
9.037609111837255682e+00
9.088049730636873491e+00
9.136601390444862858e+00
9.183369328307243507e+00
9.228451032383750530e+00
9.271936963854672697e+00
9.313911211187328121e+00
9.354452076973403862e+00
9.224308668560649238e+00
9.265351295085894279e+00
9.138237096837862339e+00
9.179654915166473472e+00
9.219758091035853198e+00
9.258613403090317107e+00
9.296278490701595842e+00
9.332807602971975314e+00
9.368251835338590183e+00
9.402659345259815282e+00
9.436075548618276798e+00
9.468543285525639064e+00
9.500102993166835930e+00
9.530792852036917395e+00
9.560648927011056841e+00
9.589705299333811439e+00
9.617994191668083559e+00
9.645546086167975375e+00
9.672389835603592445e+00
9.698552769336631130e+00
9.596205726927433233e+00
9.494474590746611042e+00
9.522192753462110915e+00
9.422376800433569954e+00
9.450431079990551098e+00
9.352637868183901304e+00
9.380967110960632738e+00
9.285275452531351448e+00
9.313823286414864455e+00
9.341726029020422928e+00
9.248987055737282859e+00
9.157592834476369958e+00
9.186429787021273441e+00
9.097189975825740405e+00
9.009422870059902166e+00
9.039009706586901061e+00
8.953389815519630091e+00
8.982974445894535975e+00
9.011953954038869341e+00
9.040347463523858096e+00
8.957971461798722501e+00
8.986358715271453690e+00
9.014190837853703897e+00
8.934309993342793632e+00
8.855820643929590119e+00
8.884123762177292605e+00
8.911893865817649640e+00
8.835725569716121441e+00
8.863434665864836859e+00
8.890637958754636472e+00
8.816670802689118958e+00
8.843805154773754396e+00
8.870458697390182223e+00
8.896647070340437224e+00
8.922382783270448314e+00
8.947678639761821984e+00
8.972546941141917642e+00
8.902214902541153663e+00
8.927046500356578207e+00
8.951470571886394723e+00
8.883011324141023124e+00
8.815668805921703211e+00
8.749440943575724106e+00
8.684319196221185422e+00
8.709642957487972126e+00
8.645899632845832627e+00
8.671108056392458963e+00
8.695928358636560773e+00
8.720372275921025818e+00
8.658490635083394338e+00
8.682824954374300575e+00
8.706801383278524042e+00
8.730430158637343396e+00
8.753721106400659480e+00
8.776683544039544316e+00
8.799325613747219776e+00
8.739885674473274690e+00
8.681379773363843810e+00
8.704154297192896905e+00
8.646783367589200964e+00
8.669451036845325476e+00
8.691820124848891993e+00
8.635739352653427403e+00
8.658000545575914586e+00
8.679977910891510717e+00
8.701677826574446328e+00
8.723110118441859129e+00
8.668597720211687729e+00
8.689935009612616668e+00
8.711015304361906075e+00
8.731844813036014230e+00
8.678636341632170570e+00
8.699376536020711370e+00
8.719878657913156417e+00
8.667756292738598489e+00
8.616420265978030457e+00
8.565882193794083221e+00
8.586529707028262237e+00
8.536896983810109418e+00
8.557418644197712254e+00
8.577721110634659141e+00
8.529065747908559203e+00
8.481193045795977881e+00
8.501448213300148993e+00
8.521492129098790613e+00
8.541333809443154124e+00
8.560980058363442780e+00
8.514164897000249255e+00
8.533682484286806869e+00
8.487683759410936446e+00
8.507067017464903458e+00
8.526270148847340025e+00
8.481117560147602319e+00
8.500185396938123361e+00
8.519085112374110480e+00
8.474747248416893086e+00
8.493509385920098964e+00
8.512113558099494881e+00
8.468560084470910354e+00
8.425748652349966505e+00
8.383674878281498266e+00
8.402160623585883670e+00
8.420485517217793259e+00
8.438659757103346593e+00
8.456692962728347140e+00
8.415360978525248115e+00
8.433245405780228410e+00
8.450996933094057084e+00
8.468624737021075433e+00
8.486133507771754125e+00
8.445448324420722130e+00
8.462813013333185808e+00
8.422824251095720527e+00
8.440038924273013166e+00
8.457147524240069103e+00
8.474155932944402281e+00
8.491069500513411583e+00
8.507890197571663649e+00
8.524621992652301472e+00
8.541264037026078171e+00
8.557817897537452367e+00
8.574283682354424840e+00
8.590659654532815992e+00
8.606944550207298761e+00
8.623134926434467218e+00
8.639228607234112900e+00
8.655222699942445530e+00
8.615572042479687553e+00
8.631499745688568481e+00
8.647333198647412900e+00
8.663068916460790803e+00
8.678701527075853406e+00
8.694227171745639637e+00
8.709640884991463494e+00
8.724937694193069859e+00
8.740113660368182380e+00
8.755163672051265777e+00
8.770082624804066640e+00
8.784867527552663091e+00
8.799513425608299855e+00
8.814016595801216880e+00
8.828373716340440325e+00
8.842579741140383476e+00
8.856634415284615258e+00
8.870533072922277995e+00
8.833305328909188958e+00
8.847259514457114449e+00
8.810265783887869517e+00
8.773311184657304196e+00
8.736428673050642857e+00
8.750782423260528020e+00
8.714149709126033372e+00
8.677658681625427306e+00
8.692145041650373827e+00
8.706528476984891185e+00
8.720804414034718732e+00
8.734965487519884775e+00
8.749006422493089019e+00
8.762923718327341405e+00
8.776709612942317662e+00
8.790361670583296316e+00
8.803874924103494592e+00
8.817243786331740552e+00
8.830466233299317125e+00
8.843539192875764954e+00
8.856458348248988699e+00
8.822274919273221272e+00
8.835275153731002362e+00
8.848122811209035987e+00
8.860816138999638270e+00
8.873355174377584476e+00
8.885736608425624183e+00
8.852618456160385563e+00
8.865091084211053740e+00
8.877406855308528577e+00
8.889564285064603055e+00
8.901563154439939396e+00
8.869281753441555338e+00
8.836808951437520321e+00
8.804140358850633064e+00
8.771287666372074909e+00
8.738278347313428895e+00
8.751309492074893726e+00
8.718366753898738608e+00
8.731462642682133790e+00
8.744437156398337407e+00
8.757284078906103275e+00
8.724784608921497764e+00
8.692157352029569850e+00
8.705251960268032718e+00
8.718235363314461139e+00
8.731103031799944958e+00
8.743847606518832194e+00
8.756462692630737621e+00
8.768944352274594678e+00
8.781286798218610912e+00
8.793485885281473458e+00
8.805537819031194147e+00
8.817438053501732043e+00
8.786796770052754724e+00
8.798807297837857533e+00
8.810668572124971121e+00
8.822376349468887824e+00
8.833928964926810679e+00
8.845324385208982676e+00
8.856559409002574768e+00
8.827231192610160093e+00
8.838591387608360606e+00
8.809187147850753519e+00
8.820671701049496605e+00
8.831999023417704819e+00
8.843166834904254259e+00
8.854173621568159902e+00
8.865019386112800603e+00
8.836680725535341452e+00
8.807944468259199411e+00
8.819214613722088814e+00
8.830325670150944717e+00
8.841276648475695055e+00
8.852065526754278935e+00
8.862691355637693391e+00
8.873154017180826969e+00
8.883453105161407848e+00
8.893589040520900824e+00
8.903563198818162050e+00
8.913375748008927957e+00
8.923029988311373728e+00
8.932527165957631965e+00
8.941869717161937459e+00
8.916570229169751727e+00
8.890898121755897776e+00
8.864803862053410199e+00
8.838250590482870095e+00
8.848626366711869196e+00
8.858837420364247706e+00
8.832432711463891195e+00
8.842794083586856146e+00
8.852989507988519691e+00
8.826723640520413028e+00
8.837071757275154482e+00
8.847253260671701369e+00
8.821116321388592141e+00
8.794454189836711677e+00
8.805112763728102365e+00
8.815607565913591515e+00
8.789052348574985629e+00
8.799704339640079809e+00
8.810192229100369588e+00
8.783735892012098034e+00
8.794382620795278882e+00
8.804866970136130178e+00
8.815186208784641764e+00
8.825337596807322882e+00
8.835320589396317814e+00
8.809945126690896799e+00
8.820094287985135395e+00
8.794471494524563226e+00
8.804787848886206802e+00
8.814937322561128497e+00
8.824917595870884313e+00
8.834727245847533439e+00
8.844366898690031675e+00
8.853835911322470054e+00
8.863134456921383020e+00
8.839296366404614247e+00
8.848765300184396665e+00
8.858063006740055201e+00
8.867190504504870674e+00
8.876148093894656199e+00
8.853081196724630786e+00
8.829403466069816631e+00
8.838878764052811476e+00
8.848181532040753083e+00
8.857311962748340761e+00
8.834053930412540723e+00
8.810150181023397309e+00
8.785588060635129537e+00
8.760370724737692072e+00
8.770730150543416315e+00
8.745207453848312440e+00
8.719064777493528595e+00
8.729914816518748566e+00
8.740613995923450119e+00
8.714495609477143745e+00
8.725357156439391915e+00
8.736069535387363416e+00
8.746627599743687753e+00
8.757026914857895861e+00
8.767263872910405098e+00
8.777334788652336073e+00
8.787236206903497049e+00
8.796965292929087354e+00
8.806520629213096640e+00
8.815900437180122395e+00
8.825103396716096782e+00
8.802141903178643645e+00
8.811539673221584934e+00
8.788223129070431128e+00
8.764180505550436706e+00
8.739428604291658687e+00
8.749737231298860607e+00
8.759881869373193908e+00
8.769858890096500659e+00
8.745456588301363965e+00
8.755623319389334469e+00
8.730864160419022468e+00
8.741214513174078604e+00
8.751403296214865790e+00
8.761426014802463413e+00
8.771279875925943159e+00
8.780961996462270491e+00
8.790468834454800984e+00
8.767146388379451594e+00
8.776853847804433784e+00
8.786385696983483484e+00
8.795741340833030719e+00
8.772781575818365596e+00
8.782339619593795277e+00
8.791721317116232726e+00
8.800925441769072322e+00
8.778329316389294590e+00
8.787739761495428681e+00
8.796971666538835777e+00
8.774352891410634570e+00
8.783791943913632494e+00
8.793052720812093881e+00
8.802134125874260917e+00
8.811034118324659659e+00
8.819752354202465838e+00
8.828289303545821198e+00
8.807210741734973425e+00
8.815959155388046753e+00
8.824524894653023921e+00
8.803420415443792280e+00
8.812199733413946134e+00
8.790667208476135031e+00
8.768307828119530356e+00
8.777694510253525095e+00
8.786902034054334010e+00
8.795927962948027812e+00
8.804772051300641778e+00
8.813433101900734812e+00
8.792224164927157304e+00
8.801102362551342040e+00
8.809797336011030211e+00
8.818308329913900678e+00
8.826634959870862218e+00
8.806189831641274779e+00
8.814735321544011626e+00
8.823096382571128160e+00
8.831273051394829210e+00
8.839265999239104943e+00
8.819586548430130790e+00
8.827798165103246220e+00
8.835824899094701479e+00
8.843668118852368920e+00
8.851328852412093440e+00
8.858808317544815125e+00
8.866109015306804508e+00
8.873232700161652886e+00
8.880181731340270446e+00
8.886959420487315242e+00
8.893568357587765760e+00
8.900012012998377742e+00
8.883769945060757678e+00
8.890405350394550155e+00
8.896873765988019045e+00
8.880615807474686818e+00
8.887278616254553398e+00
8.870628413315047922e+00
8.877493655693763586e+00
8.884185138690753547e+00
8.867504296034278255e+00
8.850009375294360936e+00
8.857298686398165088e+00
8.864407191957509369e+00
8.846864844398524497e+00
8.854191000586341787e+00
8.861335575485592031e+00
8.843741548132607377e+00
8.851105417294627742e+00
8.858286262871120087e+00
8.865287384428903295e+00
8.848040054970677915e+00
8.855259993478767910e+00
8.862298103290569884e+00
8.869156939899079717e+00
8.852253669813842762e+00
8.859329908286088795e+00
8.866225626783204916e+00
8.872943465579712807e+00
8.879486204334929411e+00
8.863315912273519004e+00
8.870070980265424510e+00
8.853451316740615695e+00
8.860425069396612230e+00
8.867218503749324299e+00
8.873834093849897187e+00
8.880274715816661057e+00
8.886543126180153962e+00
8.892642974717029247e+00
8.877516636223880653e+00
8.883820741820681377e+00
8.889954229044198186e+00
8.895921136056820444e+00
8.901724664348979132e+00
8.907367890217040340e+00
8.893288654547035321e+00
8.899123174712888940e+00
8.904797218500741351e+00
8.910313771223302481e+00
8.915676513189225716e+00
8.902251829126374361e+00
8.888084130967680352e+00
8.893987800371284891e+00
8.899727102159927128e+00
8.905305474307851910e+00
8.891448898792354782e+00
8.876802255716526702e+00
8.861314350233959303e+00
8.867854683982940855e+00
8.874217053857265114e+00
8.880404228658887789e+00
8.886419397223884076e+00
8.892265598936734960e+00
8.897946396574399230e+00
8.883927323353633554e+00
8.889811475774443750e+00
8.875353022578911677e+00
8.860039871429593816e+00
8.866530751287665879e+00
8.850732069569163585e+00
8.834012647437722521e+00
8.816343324945389526e+00
8.797705120345900909e+00
8.805707614615776890e+00
8.786528674432020125e+00
8.794775026435415199e+00
8.775054013828860633e+00
8.783543503601132230e+00
8.791841866771198610e+00
8.772012867381747014e+00
8.780554768887430583e+00
8.788905959423258807e+00
8.797064016442181611e+00
8.805030772729498523e+00
8.785965664625532412e+00
8.794177999760412590e+00
8.802197686643628671e+00
8.810024632441047387e+00
8.791288142211831413e+00
8.799361329893789829e+00
8.807241388316837671e+00
8.788393534250209527e+00
8.768555651101811677e+00
8.777119395974166238e+00
8.785492375352530914e+00
8.793673295522431488e+00
8.801661097985821414e+00
8.809455655379673900e+00
8.817056904488001834e+00
8.824465015008877700e+00
8.831681362109474520e+00
8.838707176200969684e+00
8.821831309977508084e+00
8.829101130978626699e+00
8.836179613399893995e+00
8.843068335861158147e+00
8.849768663126029722e+00
8.856283152307236506e+00
8.840590082636454738e+00
8.847342446563720486e+00
8.831113921517166787e+00
8.813901349912489636e+00
8.821333537540301251e+00
8.828572851248033260e+00
8.811244801679901428e+00
8.792912542248414454e+00
8.800843320408789694e+00
8.808580138757786671e+00
8.816122747096430956e+00
8.798115280149943374e+00
8.805907720981286602e+00
8.813506153993582615e+00
8.820910662200521557e+00
8.828122091330127930e+00
8.810882671050174864e+00
8.818342630837552321e+00
8.825608721213225039e+00
8.808249278254626446e+00
8.815765692051138913e+00
8.823088025001023738e+00
8.805607444797042049e+00
8.813180377858394365e+00
8.820559138454326487e+00
8.827744413924591527e+00
8.834737014860412074e+00
8.841538781687761528e+00
8.825263286195742296e+00
8.832311671231892092e+00
8.839168467023210241e+00
8.845835163373696020e+00
8.852314118719590397e+00
8.858607382825386622e+00
8.843512523480059784e+00
8.850045485287459712e+00
8.856391960831972554e+00
8.862553871469794231e+00
8.868534551527609722e+00
8.874336663520923096e+00
8.860384824079019950e+00
8.866417341126203056e+00
8.851940069340916040e+00
8.858208144679384333e+00
8.843192473039506396e+00
8.849701187081285170e+00
8.856022965941734881e+00
8.862160454580008562e+00
8.868116101988551492e+00
8.873892305697946625e+00
8.860020657696763280e+00
8.866028491763238151e+00
8.851627694277604874e+00
8.857872237876241783e+00
8.842929486644449000e+00
8.849415554801041139e+00
8.855714412700837812e+00
8.840651499154478898e+00
8.824592742934113332e+00
8.831573431374089012e+00
8.838362162245527287e+00
8.844960334098576737e+00
8.829216093721056424e+00
8.836061829921034061e+00
8.819749058789456697e+00
8.826846002617113385e+00
8.833749625067477851e+00
8.817308336906984678e+00
8.799839420220838093e+00
8.807444383042524194e+00
8.814853599842953358e+00
8.797252358101843583e+00
8.804916800113963049e+00
8.786730779007529080e+00
8.794650529973273123e+00
8.802374582281563775e+00
8.809901652357012836e+00
8.817233505458990095e+00
8.799817321376577794e+00
8.807405148300851749e+00
8.814796919896334515e+00
8.797247025516806929e+00
8.804894469001300905e+00
8.812345864632353809e+00
8.819601702162513490e+00
8.826661831445425932e+00
8.833528764628065133e+00
8.840203768641714532e+00
8.846688351355108892e+00
8.831242495319976626e+00
8.837975855338827458e+00
8.844518012383110417e+00
8.828942472820004994e+00
8.812343420945794037e+00
8.819582792679991456e+00
8.826627240364016913e+00
8.833477934934064635e+00
8.840136244911821706e+00
8.824298245187137013e+00
8.831207963237988068e+00
8.814789984954863655e+00
8.797333593038283439e+00
8.778833400777607210e+00
8.759296107696517453e+00
8.767813238437465628e+00
8.747697204747082012e+00
8.756463750561740866e+00
8.735777711428706738e+00
8.744789261277352566e+00
8.753614300178803376e+00
8.762250255483762018e+00
8.770694138450734201e+00
8.778944728187543234e+00
8.786999832574306168e+00
8.794859117264985926e+00
8.802522124662667480e+00
8.809988435136462570e+00
8.817258299959735979e+00
8.800021693087558106e+00
8.781737698276561588e+00
8.762411556915733257e+00
8.742061558933068355e+00
8.750932743501405042e+00
8.759615198816867121e+00
8.739130717335493514e+00
8.748059988160285627e+00
8.727011279508086972e+00
8.705003159666130585e+00
8.682094941712581004e+00
8.658361395248320491e+00
8.668669108403742385e+00
8.678831658196193288e+00
8.654994012243486523e+00
8.630434086849730235e+00
8.641085096587628911e+00
8.616162125921793091e+00
8.590689391649698692e+00
8.564792229529334833e+00
8.538605045808493443e+00
8.512268546410110659e+00
8.523615726706132989e+00
8.534949001410510050e+00
8.546259367191339607e+00
8.519954258217804721e+00
8.493601651361675664e+00
8.504944411805796634e+00
8.516291939430372437e+00
8.527634710518478656e+00
8.501283550630217789e+00
8.474987153339606394e+00
8.448889384699526772e+00
8.460092388239429440e+00
8.471347108422028427e+00
8.445289131986729814e+00
8.419588100811534304e+00
8.430603281046016306e+00
8.441698081956911182e+00
8.452862646922463696e+00
8.464085351367918619e+00
8.438114845429279143e+00
8.449256377963097364e+00
8.460461186057578686e+00
8.471716401200849234e+00
8.483011969099239380e+00
8.494335768887143701e+00
8.505675944879881101e+00
8.517021838575786319e+00
8.528360851060009296e+00
8.502019830632846720e+00
8.513364045094325760e+00
8.524705694584605808e+00
8.536033173166323706e+00
8.547334743207473551e+00
8.558598033681954931e+00
8.532383511893097960e+00
8.543694573518424207e+00
8.554971790724099634e+00
8.566202744497040555e+00
8.577377678597242650e+00
8.588485793815831215e+00
8.599516062251895576e+00
8.573781523881056188e+00
8.584912311339913060e+00
8.595968717440817031e+00
8.570180128386486018e+00
8.581332166421775653e+00
8.592413093354556608e+00
8.603411764506224912e+00
8.614318939343069914e+00
8.625124179383147904e+00
8.599875657888919278e+00
8.610812509588667396e+00
8.585278476557366645e+00
8.596330417404018931e+00
8.607297179822202438e+00
8.618167986812389714e+00
8.628934114474557049e+00
8.639585506561163086e+00
8.650112946972138062e+00
8.660509043492737646e+00
8.670765229519249218e+00
8.646734077831267129e+00
8.622009046278861888e+00
8.632733567252097728e+00
8.607663058988459071e+00
8.618528853013613045e+00
8.593150790368241587e+00
8.604141069016701948e+00
8.615038143882076227e+00
8.589592318610632660e+00
8.600609738068481391e+00
8.611537327878860282e+00
8.622364933606444737e+00
8.597068999948671575e+00
8.571310714470246950e+00
8.582451635831439773e+00
8.593519848875917688e+00
8.567708633320828326e+00
8.578870581495182890e+00
8.552866064516974731e+00
8.564101144638248897e+00
8.575282059754730568e+00
8.586398065631877685e+00
8.560488797870871025e+00
8.571688562978863501e+00
8.582826043975563479e+00
8.593891030721767521e+00
8.604872475015916677e+00
8.579247282813366127e+00
8.590335851798156952e+00
8.601344657488754208e+00
8.612263143097377949e+00
8.623082317878489889e+00
8.633791208858605515e+00
8.644380930936170770e+00
8.654844031215619182e+00
8.665170793034793206e+00
8.640985188651900017e+00
8.651488951142455974e+00
8.626908751196525671e+00
8.601720932559983268e+00
8.612635310739809924e+00
8.587155233548985578e+00
8.561262012592029791e+00
8.572455153828011376e+00
8.583586260505578380e+00
8.594643210788143861e+00
8.605615763217368652e+00
8.616494856098844579e+00
8.591091744699513200e+00
8.602093130027244072e+00
8.613003770075485122e+00
8.623812996742165282e+00
8.634512251014724526e+00
8.645092155182775073e+00
8.620346409246321784e+00
8.595023188680171344e+00
8.605992467937484847e+00
8.580395489233938022e+00
8.591473854076005168e+00
8.565645014465108176e+00
8.539514604888601923e+00
8.550795703993305352e+00
8.562035899383554138e+00
8.573223769505689873e+00
8.584347791227326496e+00
8.595398375701387650e+00
8.569629417544366135e+00
8.580775121206466238e+00
8.591850535895655838e+00
8.602844231769205763e+00
8.613746440233866153e+00
8.624545771223708357e+00
8.599315405405949519e+00
8.573609363128477767e+00
8.547559470324117115e+00
8.521304888608746353e+00
8.532628155594789376e+00
8.543929156847751116e+00
8.555194285283082678e+00
8.566414030470658858e+00
8.577577403259324385e+00
8.551572551661683619e+00
8.525341182559081687e+00
8.499026455611957687e+00
8.510360364641584852e+00
8.521694975219068269e+00
8.533016684345380298e+00
8.544315370715274582e+00
8.555580088392138904e+00
8.529375291394501346e+00
8.540682319118337418e+00
8.551959272367012588e+00
8.563192529911852091e+00
8.537046008478721859e+00
8.548334070813057295e+00
8.559583270979688407e+00
8.570782283209586794e+00
8.581919415235807591e+00
8.592984099606237436e+00
8.567184333045684497e+00
8.541074172202154813e+00
8.552349376802695247e+00
8.563581403131356851e+00
8.537439592634770591e+00
8.548726076072535207e+00
8.522481222247886734e+00
8.496168701151026070e+00
8.469933568422103320e+00
8.443919463659225855e+00
8.455087044716588451e+00
8.466310680867481508e+00
8.477579329053916979e+00
8.488880902703551001e+00
8.462693269815892094e+00
8.473947702813836358e+00
8.485239653274470939e+00
8.496557394064627289e+00
8.470320677233717177e+00
8.444302844161931887e+00
8.455472240835412379e+00
8.466697029079536918e+00
8.477966008841336887e+00
8.489268641389321246e+00
8.500592522000427920e+00
8.511926144015422580e+00
8.485628548935773452e+00
8.496945946483036138e+00
8.508278057257170346e+00
8.519611789758041454e+00
8.530935570979474747e+00
8.542237962574477095e+00
8.553508140513123692e+00
8.527293666481719825e+00
8.500984648155808898e+00
8.474726245362779409e+00
8.486019760232185405e+00
8.459854939970487209e+00
8.471098306240063991e+00
8.445073022535385832e+00
8.456246493034706546e+00
8.467474587049576229e+00
8.478745499116463691e+00
8.490049177157912297e+00
8.501373720946039825e+00
8.512707267360170249e+00
8.524037759853230867e+00
8.535354131259195398e+00
8.546644396892570938e+00
8.557897844707436974e+00
8.569102596953777962e+00
8.580248078921753674e+00
8.591322379027236167e+00
8.565503937580682958e+00
8.576668948417212945e+00
8.587767629757077970e+00
8.561899290339384905e+00
8.573083831036516500e+00
8.584205262449700058e+00
8.558289623208464647e+00
8.569492264451557872e+00
8.580634508549909611e+00
8.591706156543413186e+00
8.602696463171531249e+00
8.577057368242058999e+00
8.588153159772238254e+00
8.562290725108802292e+00
8.536142998186971198e+00
8.547430535463545809e+00
8.558680145720400034e+00
8.569880517969048483e+00
8.581020215280602770e+00
8.592089093395854249e+00
8.603076360593615135e+00
8.577444309351911045e+00
8.551446761383424189e+00
8.562680074068147462e+00
8.573860452733146786e+00
8.584976032491908882e+00
8.559071498761678498e+00
8.570270035586569080e+00
8.544195744082649924e+00
8.555457343156206207e+00
8.566673014300416611e+00
8.577831351099321822e+00
8.588921019266015477e+00
8.599932305020596246e+00
8.610854362831496189e+00
8.621676633386167410e+00
8.632390751278682828e+00
8.607351594839775188e+00
8.618206959259962829e+00
8.628956013295491445e+00
8.603837977092041456e+00
8.578220020821715863e+00
8.552232646556129581e+00
8.563461910753527917e+00
8.574637124506018893e+00
8.585746641065529872e+00
8.596780576789921469e+00
8.607728453635997923e+00
8.618580521857836629e+00
8.593239816180881618e+00
8.567452252549815128e+00
8.578605425731362644e+00
8.589688534119668262e+00
8.563849573315765795e+00
8.575022426244798268e+00
8.548999084549949501e+00
8.522761923373501247e+00
8.534079010995053949e+00
8.507784141527721999e+00
8.481501816391626036e+00
8.492809936706708029e+00
8.504135178993328381e+00
8.515467520091593912e+00
8.526793918661713434e+00
8.538103544147501722e+00
8.549384188162427733e+00
8.560624865265770822e+00
8.571814049650511080e+00
8.582940774103287040e+00
8.593995063360129194e+00
8.604964649781848607e+00
8.579367355781881699e+00
8.553394305694709487e+00
8.527183539995863981e+00
8.500878144451666785e+00
8.512209992595842323e+00
8.523539353596424561e+00
8.534854821647131828e+00
8.508562140278925767e+00
8.519893134074877139e+00
8.531213865329174695e+00
8.504913689450212644e+00
8.516245883135963979e+00
8.527571258959756761e+00
8.538879047453344029e+00
8.550156707781670917e+00
8.561393792117430124e+00
8.572578027811248447e+00
8.583699807102734169e+00
8.594747618878340489e+00
8.605711043308584607e+00
8.580127330913771999e+00
8.554163836217441030e+00
8.565383752899249359e+00
8.576547322965481612e+00
8.550541933009283113e+00
