3.112172257505233741e+00
1.049754267372062122e+00
3.274787767936882532e-01
1.216918992909174629e-01
5.532003035390492540e-02
3.009471062211218836e-02
1.936862605269133036e-02
1.449558930576157721e-02
1.219475841343499282e-02
1.108298145583462568e-02
1.317911387886300419e-02
1.136830335318153584e-02
1.062159400182409626e-02
1.029309772939022288e-02
1.014194432682617719e-02
1.065172748444858514e-02
1.025233962826246903e-02
1.010391590483134677e-02
1.320250766082428119e-02
1.106867058076111722e-02
1.037092324584917152e-02
1.013394320452506644e-02
1.005039462588186959e-02
1.001980269684592945e-02
1.000814434057675784e-02
1.000350813274602547e-02
1.000158002988706281e-02
1.000074098811710478e-02
1.001454749603483338e-02
1.120905210957022329e-02
1.041926815508355773e-02
1.014790639391072342e-02
2.083102523218574240e-02
1.365592006945942627e-02
1.125526932953813293e-02
1.043779280065548244e-02
1.015478620934768574e-02
1.005538182786692124e-02
1.002002899309971037e-02
1.000731858937420685e-02
1.000270331260138569e-02
1.000101102358897515e-02
1.000038392906398184e-02
1.000014864428766352e-02
1.000005898245042921e-02
1.000002412624003030e-02
1.000001021539152768e-02
1.000037653537035574e-02
1.000014250933281557e-02
1.000005478202271522e-02
1.000002149151608608e-02
1.000000865400754030e-02
1.000000359813798048e-02
1.000000155253950515e-02
1.000000069682164920e-02
1.000000032569537019e-02
1.000000015796459994e-02
1.000000007907377204e-02
1.000000004060164725e-02
1.000000002125427112e-02
1.000000001128395141e-02
1.000000000605026466e-02
1.000000000326613410e-02
1.000000000177106441e-02
1.000000000096322103e-02
1.000000000052476100e-02
1.000000000028614285e-02
1.000000000015608716e-02
1.000000000008501554e-02
1.000000000004636763e-02
1.000000000002527860e-02
1.000000000001378085e-02
1.000000000002187507e-02
1.000000000001193684e-02
1.000000000000652103e-02
1.000000000000356853e-02
1.000000000000195698e-02
1.000000000000106186e-02
1.000000000000058654e-02
1.000000000000031419e-02
1.000000000000017195e-02
1.000000000000009041e-02
1.000000000000005745e-02
1.000000000000003143e-02
1.000000000000001582e-02
1.000000000000001235e-02
1.000000000000000368e-02
1.000000000000000368e-02
1.000000000000000021e-02
9.999999999999996739e-03
1.000000000000000194e-02
9.999999999999996739e-03
1.000000000000000368e-02
1.000000000000000194e-02
9.999999999999998473e-03
9.999999999999996739e-03
9.999999999999995004e-03
1.000000000000000194e-02
1.000000000000000541e-02
1.000000000000000194e-02
9.999999999999998473e-03
9.999999999999995004e-03
1.000000000000000541e-02
1.000000000000000021e-02
1.000000000000000715e-02
1.000000000000000021e-02
1.000000000000000368e-02
1.000000000000000194e-02
1.000000000000000021e-02
1.000000000000000194e-02
1.000000000000000021e-02
9.999999999999996739e-03
1.000000000000000194e-02
9.999999999999998473e-03
9.999999999999993269e-03
1.000000000000000194e-02
9.999999999999995004e-03
9.999999999999998473e-03
1.000000000000000368e-02
1.000000000000000194e-02
1.000000000000000368e-02
9.999999999999993269e-03
1.000000000000000021e-02
1.000000000000000021e-02
1.000000000000000194e-02
1.000000000000000368e-02
9.999999999999995004e-03
1.000000000000000021e-02
1.000000000000000368e-02
9.999999999999998473e-03
1.000000000000000194e-02
1.000000000000000021e-02
9.999999999999998473e-03
9.999999999999995004e-03
1.000000000000000541e-02
9.999999999999998473e-03
9.999999999999998473e-03
9.999999999999996739e-03
9.999999999999998473e-03
1.000000000000000541e-02
1.000000000000000368e-02
9.999999999999996739e-03
9.999999999999996739e-03
1.000000000000000541e-02
9.999999999999998473e-03
9.999999999999993269e-03
1.000000000000000541e-02
1.000000000000000021e-02
1.000000000000000368e-02
1.000000000000000541e-02
1.000000000000000021e-02
1.000000000000000021e-02
9.999999999999995004e-03
9.999999999999995004e-03
1.000000000000000541e-02
9.999999999999998473e-03
1.000000000000000194e-02
9.999999999999998473e-03
1.000000000000000194e-02
9.999999999999998473e-03
9.999999999999996739e-03
9.999999999999998473e-03
9.999999999999996739e-03
1.000000000000000021e-02
1.000000000000000021e-02
9.999999999999996739e-03
1.000000000000000021e-02
1.000000000000000021e-02
9.999999999999998473e-03
9.999999999999995004e-03
1.000000000000000194e-02
9.999999999999995004e-03
1.000000000000000368e-02
1.000000000000000021e-02
1.000000000000000194e-02
9.999999999999993269e-03
9.999999999999995004e-03
9.999999999999998473e-03
9.999999999999995004e-03
9.999999999999996739e-03
1.000000000000000021e-02
9.999999999999998473e-03
9.999999999999996739e-03
9.999999999999996739e-03
9.999999999999996739e-03
1.000000000000000541e-02
9.999999999999993269e-03
1.000000000000000368e-02
9.999999999999998473e-03
1.000000000000000021e-02
1.000000000000000194e-02
9.999999999999995004e-03
1.000000000000000194e-02
1.000000000000000194e-02
1.000000000000000194e-02
1.000000000000000021e-02
1.000000000000000368e-02
1.000000000000000194e-02
1.000000000000000021e-02
9.999999999999995004e-03
1.000000000000000368e-02
1.000000000000000368e-02
1.000000000000000194e-02
1.000000000000000021e-02
1.000000000000000021e-02
9.999999999999998473e-03
1.000000000000000194e-02
1.000000000000000021e-02
1.000000000000000194e-02
9.999999999999996739e-03
1.000000000000000194e-02
1.000000000000000021e-02
9.999999999999998473e-03
9.999999999999995004e-03
1.000000000000000368e-02
1.000000000000000368e-02
9.999999999999996739e-03
1.000000000000000021e-02
1.000000000000000194e-02
1.000000000000000021e-02
1.000000000000000021e-02
1.000000000000000021e-02
1.000000000000000194e-02
9.999999999999991535e-03
1.000000000000000715e-02
1.000000000000000541e-02
9.999999999999996739e-03
1.000000000000000021e-02
1.000000000000000541e-02
9.999999999999998473e-03
9.999999999999998473e-03
9.999999999999998473e-03
1.000000000000000194e-02
1.000000000000000021e-02
1.000000000000000021e-02
1.000000000000000368e-02
9.999999999999998473e-03
9.999999999999998473e-03
1.000000000000000021e-02
1.000000000000000368e-02
1.000000000000000021e-02
9.999999999999995004e-03
9.999999999999998473e-03
1.000000000000000194e-02
9.999999999999998473e-03
1.000000000000000021e-02
9.999999999999995004e-03
1.000000000000000368e-02
9.999999999999996739e-03
1.000000000000000368e-02
9.999999999999996739e-03
1.000000000000000194e-02
1.000000000000000194e-02
1.000000000000000368e-02
1.000000000000000194e-02
1.000000000000000541e-02
1.000000000000000368e-02
1.000000000000000194e-02
9.999999999999996739e-03
1.000000000000000021e-02
1.000000000000000021e-02
9.999999999999998473e-03
1.000000000000000194e-02
1.000000000000000021e-02
1.000000000000000368e-02
1.000000000000000541e-02
9.999999999999998473e-03
1.000000000000000194e-02
1.000000000000000368e-02
1.000000000000000888e-02
1.000000000000000021e-02
1.000000000000000194e-02
1.000000000000000194e-02
1.000000000000000021e-02
1.000000000000000021e-02
9.999999999999993269e-03
1.000000000000000715e-02
1.000000000000000021e-02
1.000000000000000021e-02
1.000000000000000368e-02
1.000000000000000194e-02
1.000000000000000368e-02
1.000000000000000541e-02
1.000000000000000021e-02
9.999999999999996739e-03
1.000000000000000194e-02
1.000000000000000194e-02
1.000000000000000194e-02
1.000000000000000194e-02
1.000000000000000194e-02
1.000000000000000021e-02
1.000000000000000368e-02
1.000000000000000021e-02
1.000000000000000368e-02
1.000000000000000541e-02
1.000000000000000021e-02
1.000000000000000715e-02
9.999999999999998473e-03
9.999999999999998473e-03
9.999999999999996739e-03
9.999999999999996739e-03
9.999999999999998473e-03
9.999999999999993269e-03
1.000000000000000194e-02
1.000000000000000021e-02
9.999999999999996739e-03
9.999999999999998473e-03
1.000000000000000021e-02
1.000000000000000368e-02
1.000000000000000194e-02
1.000000000000000021e-02
1.000000000000000021e-02
1.000000000000000194e-02
9.999999999999995004e-03
1.000000000000000368e-02
1.000000000000000021e-02
1.000000000000000194e-02
1.000000000000000541e-02
9.999999999999998473e-03
1.000000000000000368e-02
1.000000000000000021e-02
9.999999999999998473e-03
9.999999999999996739e-03
1.000000000000000021e-02
1.000000000000000021e-02
1.000000000000000021e-02
1.000000000000000368e-02
9.999999999999993269e-03
1.000000000000000194e-02
1.000000000000000021e-02
9.999999999999998473e-03
1.000000000000000194e-02
1.000000000000000194e-02
1.000000000000000194e-02
9.999999999999996739e-03
1.000000000000000021e-02
1.000000000000000368e-02
1.000000000000000194e-02
9.999999999999998473e-03
1.000000000000000021e-02
9.999999999999996739e-03
1.000000000000000194e-02
9.999999999999998473e-03
1.000000000000000194e-02
9.999999999999998473e-03
1.000000000000000021e-02
1.000000000000000021e-02
1.000000000000000021e-02
1.000000000000000368e-02
9.999999999999998473e-03
1.000000000000000368e-02
1.000000000000000888e-02
1.000000000000000021e-02
1.000000000000000194e-02
9.999999999999998473e-03
9.999999999999996739e-03
1.000000000000000368e-02
1.000000000000000021e-02
9.999999999999996739e-03
9.999999999999998473e-03
1.000000000000000368e-02
9.999999999999998473e-03
9.999999999999998473e-03
9.999999999999998473e-03
9.999999999999998473e-03
9.999999999999998473e-03
1.000000000000000021e-02
1.000000000000000541e-02
1.000000000000000021e-02
1.000000000000000021e-02
1.000000000000000368e-02
1.000000000000000021e-02
9.999999999999996739e-03
9.999999999999998473e-03
1.000000000000000368e-02
1.000000000000000021e-02
9.999999999999996739e-03
1.000000000000000194e-02
1.000000000000000194e-02
1.000000000000000021e-02
1.000000000000000194e-02
9.999999999999998473e-03
1.000000000000000194e-02
1.000000000000000194e-02
1.000000000000000194e-02
1.000000000000000368e-02
1.000000000000000194e-02
1.000000000000000541e-02
1.000000000000000021e-02
1.000000000000000541e-02
1.000000000000000021e-02
9.999999999999998473e-03
1.000000000000000021e-02
1.000000000000000021e-02
1.000000000000000021e-02
9.999999999999996739e-03
1.000000000000000021e-02
1.000000000000000368e-02
1.000000000000000021e-02
1.000000000000000368e-02
1.000000000000000021e-02
9.999999999999998473e-03
1.000000000000000021e-02
9.999999999999996739e-03
9.999999999999995004e-03
9.999999999999998473e-03
1.000000000000000368e-02
1.000000000000000021e-02
9.999999999999998473e-03
9.999999999999998473e-03
1.000000000000000021e-02
1.000000000000000194e-02
1.000000000000000541e-02
9.999999999999996739e-03
1.000000000000000368e-02
1.000000000000000194e-02
1.000000000000000541e-02
9.999999999999998473e-03
9.999999999999991535e-03
9.999999999999996739e-03
9.999999999999995004e-03
1.000000000000000368e-02
9.999999999999996739e-03
9.999999999999998473e-03
1.000000000000000541e-02
1.000000000000000194e-02
9.999999999999998473e-03
9.999999999999998473e-03
1.000000000000000021e-02
1.000000000000000021e-02
1.000000000000000021e-02
1.000000000000000368e-02
1.000000000000000194e-02
1.000000000000000194e-02
1.000000000000000368e-02
1.000000000000000541e-02
9.999999999999996739e-03
9.999999999999998473e-03
9.999999999999998473e-03
1.000000000000000368e-02
1.000000000000000194e-02
1.000000000000000194e-02
1.000000000000000194e-02
9.999999999999998473e-03
9.999999999999998473e-03
1.000000000000000021e-02
9.999999999999998473e-03
9.999999999999998473e-03
9.999999999999996739e-03
9.999999999999995004e-03
1.000000000000000021e-02
9.999999999999998473e-03
9.999999999999998473e-03
1.000000000000000194e-02
9.999999999999998473e-03
1.000000000000000021e-02
9.999999999999998473e-03
9.999999999999996739e-03
9.999999999999996739e-03
9.999999999999998473e-03
1.000000000000000194e-02
1.000000000000000021e-02
1.000000000000000021e-02
9.999999999999995004e-03
1.000000000000000021e-02
9.999999999999996739e-03
9.999999999999995004e-03
1.000000000000000194e-02
1.000000000000000194e-02
9.999999999999996739e-03
1.000000000000000194e-02
1.000000000000000021e-02
9.999999999999996739e-03
1.000000000000000021e-02
9.999999999999998473e-03
1.000000000000000194e-02
1.000000000000000368e-02
1.000000000000000021e-02
1.000000000000000541e-02
1.000000000000000021e-02
1.000000000000000021e-02
1.000000000000000194e-02
1.000000000000000021e-02
1.000000000000000021e-02
1.000000000000000194e-02
1.000000000000000194e-02
9.999999999999996739e-03
1.000000000000000194e-02
1.000000000000000541e-02
9.999999999999996739e-03
1.000000000000000021e-02
1.000000000000000368e-02
1.000000000000000194e-02
9.999999999999996739e-03
9.999999999999996739e-03
1.000000000000000368e-02
1.000000000000000368e-02
1.000000000000000368e-02
1.000000000000000021e-02
9.999999999999995004e-03
9.999999999999996739e-03
1.000000000000000541e-02
1.000000000000000194e-02
1.000000000000000021e-02
9.999999999999995004e-03
9.999999999999998473e-03
9.999999999999998473e-03
9.999999999999995004e-03
1.000000000000000368e-02
9.999999999999995004e-03
1.000000000000000194e-02
1.000000000000000368e-02
1.000000000000000368e-02
9.999999999999995004e-03
1.000000000000000715e-02
1.000000000000000194e-02
1.000000000000000194e-02
1.000000000000000541e-02
9.999999999999993269e-03
9.999999999999996739e-03
1.000000000000000715e-02
1.000000000000000021e-02
9.999999999999996739e-03
1.000000000000000194e-02
1.000000000000000715e-02
1.000000000000000194e-02
9.999999999999995004e-03
1.000000000000000021e-02
1.000000000000000368e-02
1.000000000000000368e-02
1.000000000000000021e-02
1.000000000000000021e-02
9.999999999999995004e-03
1.000000000000000021e-02
9.999999999999998473e-03
1.000000000000000021e-02
1.000000000000000194e-02
1.000000000000000194e-02
1.000000000000000541e-02
1.000000000000000021e-02
1.000000000000000541e-02
9.999999999999998473e-03
9.999999999999996739e-03
1.000000000000000194e-02
1.000000000000000541e-02
9.999999999999996739e-03
1.000000000000000715e-02
1.000000000000000021e-02
9.999999999999998473e-03
9.999999999999995004e-03
1.000000000000000368e-02
1.000000000000000021e-02
1.000000000000000368e-02
1.000000000000000021e-02
1.000000000000000021e-02
1.000000000000000888e-02
9.999999999999998473e-03
1.000000000000000541e-02
1.000000000000000541e-02
1.000000000000000541e-02
1.000000000000000194e-02
1.000000000000000368e-02
1.000000000000000888e-02
9.999999999999996739e-03
1.000000000000000021e-02
1.000000000000000368e-02
9.999999999999998473e-03
1.000000000000000021e-02
9.999999999999996739e-03
9.999999999999998473e-03
1.000000000000000021e-02
1.000000000000000194e-02
1.000000000000000021e-02
1.000000000000000194e-02
1.000000000000000541e-02
9.999999999999996739e-03
9.999999999999998473e-03
1.000000000000000541e-02
9.999999999999998473e-03
1.000000000000000021e-02
1.000000000000000541e-02
9.999999999999998473e-03
1.000000000000000368e-02
1.000000000000000021e-02
9.999999999999998473e-03
9.999999999999996739e-03
9.999999999999995004e-03
9.999999999999996739e-03
9.999999999999998473e-03
1.000000000000000194e-02
1.000000000000000194e-02
1.000000000000000021e-02
9.999999999999996739e-03
1.000000000000000194e-02
9.999999999999998473e-03
1.000000000000000021e-02
1.000000000000000021e-02
1.000000000000000194e-02
9.999999999999996739e-03
1.000000000000000021e-02
1.000000000000000021e-02
1.000000000000000021e-02
9.999999999999996739e-03
9.999999999999996739e-03
1.000000000000000368e-02
9.999999999999998473e-03
1.000000000000000194e-02
1.000000000000000368e-02
9.999999999999998473e-03
9.999999999999998473e-03
9.999999999999998473e-03
9.999999999999996739e-03
1.000000000000000021e-02
9.999999999999996739e-03
1.000000000000000194e-02
1.000000000000000194e-02
1.000000000000000194e-02
1.000000000000000021e-02
1.000000000000000021e-02
1.000000000000000368e-02
1.000000000000000021e-02
1.000000000000000021e-02
1.000000000000000368e-02
1.000000000000000194e-02
1.000000000000000194e-02
1.000000000000000021e-02
9.999999999999996739e-03
1.000000000000000021e-02
9.999999999999996739e-03
1.000000000000000021e-02
1.000000000000000194e-02
9.999999999999998473e-03
1.000000000000000194e-02
1.000000000000000021e-02
9.999999999999995004e-03
1.000000000000000021e-02
1.000000000000000194e-02
1.000000000000000368e-02
1.000000000000000021e-02
1.000000000000000194e-02
1.000000000000000368e-02
1.000000000000000021e-02
1.000000000000000194e-02
1.000000000000000194e-02
9.999999999999996739e-03
1.000000000000000194e-02
9.999999999999996739e-03
1.000000000000000368e-02
1.000000000000000541e-02
1.000000000000000021e-02
1.000000000000000021e-02
9.999999999999996739e-03
1.000000000000000194e-02
1.000000000000000194e-02
9.999999999999998473e-03
9.999999999999998473e-03
9.999999999999998473e-03
1.000000000000000368e-02
1.000000000000000194e-02
1.000000000000000021e-02
1.000000000000000021e-02
1.000000000000000194e-02
9.999999999999996739e-03
1.000000000000000368e-02
1.000000000000000021e-02
1.000000000000000194e-02
1.000000000000000541e-02
9.999999999999995004e-03
1.000000000000000368e-02
9.999999999999993269e-03
9.999999999999998473e-03
9.999999999999998473e-03
1.000000000000000368e-02
9.999999999999995004e-03
1.000000000000000021e-02
9.999999999999995004e-03
1.000000000000000541e-02
1.000000000000000368e-02
9.999999999999996739e-03
9.999999999999998473e-03
1.000000000000000194e-02
1.000000000000000194e-02
1.000000000000000021e-02
1.000000000000000021e-02
1.000000000000000368e-02
1.000000000000000021e-02
9.999999999999998473e-03
9.999999999999998473e-03
1.000000000000000368e-02
9.999999999999996739e-03
1.000000000000000541e-02
1.000000000000000368e-02
1.000000000000000021e-02
1.000000000000000541e-02
1.000000000000000541e-02
1.000000000000000194e-02
1.000000000000000021e-02
1.000000000000000715e-02
9.999999999999996739e-03
1.000000000000000021e-02
1.000000000000000021e-02
1.000000000000000368e-02
9.999999999999996739e-03
9.999999999999998473e-03
9.999999999999995004e-03
1.000000000000000194e-02
9.999999999999998473e-03
9.999999999999998473e-03
9.999999999999998473e-03
1.000000000000000194e-02
1.000000000000000021e-02
9.999999999999998473e-03
1.000000000000000194e-02
9.999999999999996739e-03
9.999999999999996739e-03
1.000000000000000194e-02
1.000000000000000021e-02
1.000000000000000194e-02
9.999999999999996739e-03
1.000000000000000368e-02
1.000000000000000368e-02
9.999999999999996739e-03
9.999999999999998473e-03
1.000000000000000021e-02
1.000000000000000021e-02
1.000000000000000368e-02
1.000000000000000021e-02
9.999999999999998473e-03
9.999999999999998473e-03
1.000000000000000194e-02
9.999999999999998473e-03
1.000000000000000541e-02
9.999999999999995004e-03
1.000000000000000194e-02
1.000000000000000368e-02
1.000000000000000021e-02
1.000000000000000194e-02
9.999999999999998473e-03
9.999999999999996739e-03
9.999999999999998473e-03
1.000000000000000021e-02
1.000000000000000194e-02
1.000000000000000194e-02
9.999999999999995004e-03
9.999999999999995004e-03
9.999999999999996739e-03
1.000000000000000021e-02
1.000000000000000194e-02
9.999999999999998473e-03
1.000000000000000021e-02
1.000000000000000021e-02
1.000000000000000194e-02
9.999999999999998473e-03
9.999999999999996739e-03
1.000000000000000021e-02
9.999999999999998473e-03
1.000000000000000194e-02
9.999999999999998473e-03
1.000000000000000021e-02
1.000000000000000021e-02
9.999999999999998473e-03
1.000000000000000021e-02
1.000000000000000021e-02
1.000000000000000021e-02
9.999999999999995004e-03
1.000000000000000194e-02
1.000000000000000368e-02
9.999999999999998473e-03
1.000000000000000194e-02
9.999999999999998473e-03
1.000000000000000021e-02
1.000000000000000368e-02
9.999999999999998473e-03
9.999999999999998473e-03
9.999999999999998473e-03
1.000000000000000368e-02
9.999999999999998473e-03
1.000000000000000021e-02
1.000000000000000021e-02
1.000000000000000021e-02
1.000000000000000021e-02
1.000000000000000194e-02
9.999999999999998473e-03
9.999999999999998473e-03
1.000000000000000541e-02
9.999999999999996739e-03
1.000000000000000021e-02
1.000000000000000194e-02
9.999999999999998473e-03
1.000000000000000194e-02
9.999999999999998473e-03
1.000000000000000021e-02
1.000000000000000194e-02
1.000000000000000194e-02
1.000000000000000021e-02
9.999999999999996739e-03
1.000000000000000368e-02
9.999999999999996739e-03
1.000000000000000194e-02
1.000000000000000541e-02
9.999999999999996739e-03
1.000000000000000021e-02
9.999999999999998473e-03
9.999999999999993269e-03
1.000000000000000021e-02
1.000000000000000368e-02
1.000000000000000541e-02
1.000000000000000021e-02
1.000000000000000368e-02
1.000000000000000368e-02
1.000000000000000541e-02
1.000000000000000194e-02
1.000000000000000194e-02
1.000000000000000021e-02
1.000000000000000368e-02
1.000000000000000194e-02
1.000000000000000021e-02
1.000000000000000368e-02
1.000000000000000368e-02
9.999999999999998473e-03
9.999999999999998473e-03
1.000000000000000194e-02
9.999999999999998473e-03
1.000000000000000194e-02
1.000000000000000194e-02
1.000000000000000368e-02
9.999999999999996739e-03
9.999999999999996739e-03
1.000000000000000368e-02
1.000000000000000021e-02
1.000000000000000021e-02
9.999999999999998473e-03
1.000000000000000021e-02
1.000000000000000368e-02
9.999999999999998473e-03
1.000000000000000368e-02
1.000000000000000368e-02
9.999999999999998473e-03
1.000000000000000021e-02
1.000000000000000368e-02
1.000000000000000194e-02
1.000000000000000021e-02
1.000000000000000194e-02
9.999999999999998473e-03
9.999999999999998473e-03
1.000000000000000194e-02
9.999999999999995004e-03
1.000000000000000021e-02
9.999999999999998473e-03
1.000000000000000194e-02
1.000000000000000368e-02
9.999999999999996739e-03
1.000000000000000194e-02
9.999999999999998473e-03
1.000000000000000194e-02
1.000000000000000368e-02
1.000000000000000021e-02
1.000000000000000888e-02
1.000000000000000368e-02
9.999999999999995004e-03
1.000000000000000021e-02
1.000000000000000021e-02
1.000000000000000194e-02
9.999999999999998473e-03
1.000000000000000021e-02
9.999999999999998473e-03
1.000000000000000194e-02
1.000000000000000368e-02
9.999999999999998473e-03
1.000000000000000194e-02
1.000000000000000021e-02
1.000000000000000021e-02
9.999999999999998473e-03
1.000000000000000021e-02
1.000000000000000368e-02
9.999999999999998473e-03
9.999999999999998473e-03
9.999999999999996739e-03
1.000000000000000021e-02
1.000000000000000021e-02
9.999999999999998473e-03
1.000000000000000368e-02
9.999999999999998473e-03
9.999999999999998473e-03
9.999999999999996739e-03
1.000000000000000021e-02
1.000000000000000021e-02
1.000000000000000194e-02
9.999999999999998473e-03
1.000000000000000021e-02
9.999999999999998473e-03
1.000000000000000194e-02
9.999999999999998473e-03
9.999999999999998473e-03
1.000000000000000021e-02
1.000000000000000194e-02
1.000000000000000194e-02
1.000000000000000021e-02
9.999999999999995004e-03
1.000000000000000194e-02
1.000000000000000194e-02
1.000000000000000368e-02
9.999999999999998473e-03
9.999999999999996739e-03
9.999999999999996739e-03
1.000000000000000194e-02
1.000000000000000021e-02
1.000000000000000194e-02
1.000000000000000368e-02
1.000000000000000194e-02
1.000000000000000368e-02
1.000000000000000194e-02
9.999999999999996739e-03
1.000000000000000021e-02
1.000000000000000021e-02
1.000000000000000194e-02
1.000000000000000541e-02
1.000000000000000021e-02
9.999999999999996739e-03
9.999999999999998473e-03
1.000000000000000194e-02
1.000000000000000715e-02
1.000000000000000021e-02
9.999999999999998473e-03
1.000000000000000368e-02
1.000000000000000368e-02
1.000000000000000194e-02
1.000000000000000021e-02
1.000000000000000368e-02
9.999999999999996739e-03
1.000000000000000368e-02
1.000000000000000021e-02
1.000000000000000021e-02
9.999999999999998473e-03
1.000000000000000194e-02
1.000000000000000194e-02
9.999999999999995004e-03
1.000000000000000541e-02
1.000000000000000368e-02
1.000000000000000541e-02
1.000000000000000021e-02
1.000000000000000368e-02
1.000000000000000541e-02
9.999999999999996739e-03
1.000000000000000368e-02
1.000000000000000021e-02
1.000000000000000194e-02
9.999999999999998473e-03
1.000000000000000021e-02
1.000000000000000194e-02
9.999999999999996739e-03
9.999999999999996739e-03
1.000000000000000021e-02
1.000000000000000368e-02
1.000000000000000021e-02
1.000000000000000194e-02
1.000000000000000368e-02
1.000000000000000194e-02
9.999999999999998473e-03
1.000000000000000368e-02
1.000000000000000194e-02
1.000000000000000368e-02
1.000000000000000021e-02
1.000000000000000194e-02
1.000000000000000368e-02
1.000000000000000194e-02
1.000000000000000194e-02
1.000000000000000021e-02
1.000000000000000194e-02
1.000000000000000021e-02
1.000000000000000021e-02
1.000000000000000021e-02
9.999999999999998473e-03
9.999999999999998473e-03
1.000000000000000194e-02
1.000000000000000194e-02
9.999999999999996739e-03
1.000000000000000021e-02
9.999999999999996739e-03
9.999999999999995004e-03
1.000000000000000194e-02
9.999999999999998473e-03
9.999999999999998473e-03
1.000000000000000194e-02
9.999999999999998473e-03
9.999999999999998473e-03
9.999999999999996739e-03
9.999999999999998473e-03
1.000000000000000194e-02
9.999999999999995004e-03
1.000000000000000021e-02
1.000000000000000368e-02
9.999999999999998473e-03
9.999999999999998473e-03
9.999999999999996739e-03
9.999999999999998473e-03
1.000000000000000541e-02
9.999999999999998473e-03
1.000000000000000021e-02
1.000000000000000194e-02
