3.112172257505233741e+00
1.049754267372062122e+00
3.274787767936882532e-01
1.216918992909174629e-01
5.532003035390492540e-02
3.009471062211218836e-02
1.936862605269133036e-02
1.449558930576157721e-02
1.219475841343499282e-02
1.108298145583462568e-02
1.053802847402698049e-02
1.026842611421781293e-02
1.013428630696234546e-02
1.006729760303576478e-02
1.003376512393936923e-02
1.001695369354191692e-02
1.000851659639746989e-02
1.000427958918102996e-02
1.000215091235486138e-02
1.000108115451181674e-02
1.000054346603873080e-02
1.000027319055982189e-02
1.000013732502626380e-02
1.000006902843942821e-02
1.000003469847972164e-02
1.000001744226586969e-02
1.000000876793954475e-02
1.000000440724444807e-02
1.000000221519862544e-02
1.000000111333895422e-02
1.000000055955713348e-02
1.000000028123327299e-02
1.000000014134680773e-02
1.000000007104416382e-02
1.000000003570808774e-02
1.000000001794712143e-02
1.000000000902019452e-02
1.000000000453346236e-02
1.000000000227842939e-02
1.000000000114509464e-02
1.000000000057548258e-02
1.000000000028921157e-02
1.000000000014535963e-02
1.000000000007304421e-02
1.000000000003671737e-02
1.000000000001845073e-02
1.000000000000926710e-02
1.000000000000466314e-02
1.000000000000234729e-02
1.000000000000117288e-02
1.000000000000057267e-02
1.000000000000029511e-02
1.000000000000014246e-02
1.000000000000005919e-02
1.000000000000004011e-02
1.000000000000001582e-02
9.999999999999998473e-03
1.000000000000000021e-02
1.000000000000000541e-02
9.999999999999995004e-03
1.000000000000000194e-02
9.999999999999998473e-03
1.000000000000000715e-02
9.999999999999996739e-03
9.999999999999993269e-03
1.000000000000000021e-02
1.000000000000001062e-02
9.999999999999998473e-03
9.999999999999993269e-03
9.999999999999996739e-03
1.000000000000000194e-02
9.999999999999996739e-03
9.999999999999995004e-03
1.000000000000000194e-02
1.000000000000000368e-02
9.999999999999998473e-03
9.999999999999998473e-03
1.000000000000000368e-02
1.000000000000000368e-02
1.000000000000000021e-02
1.000000000000001062e-02
1.000000000000001235e-02
1.000000000000000194e-02
1.000000000000000021e-02
1.000000000000000541e-02
9.999999999999991535e-03
1.000000000000000541e-02
1.000000000000000888e-02
9.999999999999996739e-03
1.000000000000000715e-02
1.000000000000000888e-02
9.999999999999993269e-03
9.999999999999996739e-03
9.999999999999996739e-03
9.999999999999998473e-03
9.999999999999998473e-03
1.000000000000000021e-02
9.999999999999998473e-03
1.000000000000001235e-02
1.000000000000000021e-02
9.999999999999996739e-03
1.000000000000001582e-02
1.000000000000000021e-02
1.000000000000000368e-02
1.000000000000000541e-02
9.999999999999988065e-03
9.999999999999995004e-03
1.000000000000000021e-02
1.000000000000000021e-02
1.000000000000000715e-02
1.000000000000000888e-02
9.999999999999991535e-03
1.000000000000000715e-02
1.000000000000000021e-02
1.000000000000000194e-02
9.999999999999996739e-03
9.999999999999991535e-03
1.000000000000000541e-02
9.999999999999996739e-03
9.999999999999996739e-03
1.000000000000000021e-02
9.999999999999995004e-03
9.999999999999996739e-03
1.000000000000000021e-02
1.000000000000000541e-02
1.000000000000000021e-02
1.000000000000000715e-02
1.000000000000000021e-02
9.999999999999998473e-03
9.999999999999996739e-03
9.999999999999989800e-03
9.999999999999998473e-03
9.999999999999993269e-03
1.000000000000000021e-02
9.999999999999989800e-03
9.999999999999996739e-03
1.000000000000000368e-02
9.999999999999984596e-03
9.999999999999995004e-03
1.000000000000000888e-02
9.999999999999993269e-03
9.999999999999996739e-03
1.000000000000000194e-02
1.000000000000000194e-02
1.000000000000000021e-02
9.999999999999998473e-03
1.000000000000000194e-02
1.000000000000000194e-02
9.999999999999996739e-03
1.000000000000000541e-02
1.000000000000000194e-02
1.000000000000000715e-02
1.000000000000000541e-02
9.999999999999991535e-03
1.000000000000000715e-02
9.999999999999996739e-03
9.999999999999996739e-03
9.999999999999995004e-03
9.999999999999996739e-03
1.000000000000000194e-02
1.000000000000000021e-02
1.000000000000000194e-02
9.999999999999998473e-03
9.999999999999993269e-03
1.000000000000000368e-02
9.999999999999996739e-03
9.999999999999995004e-03
9.999999999999996739e-03
9.999999999999989800e-03
9.999999999999998473e-03
1.000000000000000888e-02
1.000000000000000368e-02
1.000000000000000194e-02
1.000000000000001235e-02
1.000000000000000715e-02
1.000000000000000368e-02
9.999999999999993269e-03
1.000000000000001062e-02
9.999999999999993269e-03
1.000000000000000888e-02
1.000000000000000715e-02
1.000000000000000194e-02
1.000000000000000888e-02
1.000000000000000368e-02
1.000000000000000541e-02
9.999999999999995004e-03
1.000000000000000021e-02
9.999999999999996739e-03
1.000000000000000021e-02
9.999999999999998473e-03
9.999999999999998473e-03
1.000000000000000021e-02
1.000000000000000715e-02
1.000000000000000715e-02
1.000000000000000194e-02
9.999999999999998473e-03
1.000000000000000194e-02
9.999999999999998473e-03
1.000000000000000368e-02
9.999999999999995004e-03
9.999999999999996739e-03
9.999999999999998473e-03
9.999999999999996739e-03
9.999999999999995004e-03
1.000000000000000021e-02
1.000000000000000368e-02
9.999999999999993269e-03
1.000000000000000194e-02
9.999999999999996739e-03
9.999999999999993269e-03
1.000000000000000194e-02
9.999999999999996739e-03
1.000000000000000021e-02
1.000000000000000715e-02
1.000000000000000368e-02
9.999999999999991535e-03
1.000000000000000194e-02
9.999999999999998473e-03
9.999999999999996739e-03
1.000000000000000194e-02
1.000000000000000368e-02
9.999999999999995004e-03
1.000000000000000021e-02
9.999999999999995004e-03
1.000000000000000715e-02
9.999999999999991535e-03
1.000000000000000541e-02
1.000000000000000368e-02
1.000000000000000368e-02
1.000000000000000368e-02
1.000000000000000368e-02
1.000000000000000021e-02
9.999999999999996739e-03
1.000000000000000368e-02
1.000000000000000541e-02
1.000000000000001062e-02
1.000000000000000368e-02
1.000000000000000194e-02
1.000000000000000021e-02
1.000000000000000021e-02
9.999999999999988065e-03
1.000000000000000021e-02
9.999999999999998473e-03
9.999999999999991535e-03
9.999999999999996739e-03
9.999999999999996739e-03
9.999999999999995004e-03
1.000000000000000541e-02
1.000000000000000368e-02
9.999999999999986330e-03
9.999999999999998473e-03
9.999999999999998473e-03
1.000000000000000194e-02
9.999999999999991535e-03
9.999999999999988065e-03
9.999999999999998473e-03
1.000000000000000021e-02
1.000000000000000194e-02
9.999999999999998473e-03
9.999999999999996739e-03
9.999999999999996739e-03
9.999999999999993269e-03
9.999999999999995004e-03
9.999999999999993269e-03
9.999999999999998473e-03
1.000000000000000021e-02
9.999999999999998473e-03
1.000000000000000368e-02
9.999999999999996739e-03
9.999999999999993269e-03
1.000000000000001409e-02
1.000000000000000194e-02
9.999999999999989800e-03
1.000000000000000541e-02
1.000000000000000021e-02
1.000000000000000368e-02
1.000000000000000021e-02
9.999999999999998473e-03
9.999999999999995004e-03
9.999999999999998473e-03
1.000000000000000194e-02
1.000000000000001062e-02
1.000000000000000194e-02
1.000000000000000194e-02
9.999999999999996739e-03
9.999999999999996739e-03
9.999999999999998473e-03
1.000000000000000368e-02
1.000000000000000194e-02
1.000000000000000194e-02
1.000000000000000194e-02
1.000000000000000715e-02
9.999999999999991535e-03
9.999999999999993269e-03
1.000000000000000541e-02
9.999999999999996739e-03
9.999999999999998473e-03
1.000000000000000368e-02
1.000000000000000021e-02
9.999999999999996739e-03
1.000000000000000541e-02
1.000000000000001062e-02
9.999999999999996739e-03
9.999999999999989800e-03
1.000000000000000021e-02
1.000000000000000715e-02
1.000000000000000194e-02
9.999999999999996739e-03
1.000000000000000021e-02
1.000000000000000021e-02
1.000000000000000021e-02
1.000000000000000368e-02
1.000000000000000715e-02
1.000000000000000368e-02
9.999999999999993269e-03
1.000000000000000541e-02
9.999999999999996739e-03
1.000000000000000021e-02
9.999999999999998473e-03
1.000000000000000368e-02
9.999999999999993269e-03
9.999999999999995004e-03
1.000000000000000021e-02
9.999999999999998473e-03
9.999999999999995004e-03
9.999999999999998473e-03
1.000000000000000194e-02
9.999999999999998473e-03
9.999999999999996739e-03
1.000000000000000368e-02
9.999999999999998473e-03
1.000000000000000541e-02
1.000000000000000021e-02
9.999999999999998473e-03
9.999999999999996739e-03
9.999999999999995004e-03
1.000000000000000021e-02
1.000000000000000021e-02
1.000000000000000021e-02
1.000000000000000541e-02
9.999999999999995004e-03
9.999999999999995004e-03
1.000000000000000194e-02
1.000000000000000368e-02
1.000000000000000194e-02
9.999999999999998473e-03
9.999999999999998473e-03
9.999999999999996739e-03
9.999999999999998473e-03
1.000000000000000194e-02
9.999999999999993269e-03
9.999999999999998473e-03
1.000000000000000021e-02
9.999999999999991535e-03
1.000000000000000541e-02
9.999999999999996739e-03
9.999999999999995004e-03
9.999999999999989800e-03
1.000000000000000541e-02
1.000000000000000194e-02
1.000000000000000888e-02
9.999999999999998473e-03
9.999999999999996739e-03
1.000000000000000715e-02
1.000000000000001062e-02
1.000000000000000368e-02
1.000000000000000194e-02
9.999999999999993269e-03
9.999999999999998473e-03
1.000000000000000021e-02
1.000000000000000021e-02
9.999999999999996739e-03
1.000000000000000541e-02
9.999999999999993269e-03
9.999999999999996739e-03
1.000000000000000194e-02
9.999999999999996739e-03
1.000000000000000541e-02
9.999999999999995004e-03
9.999999999999998473e-03
1.000000000000000541e-02
1.000000000000000368e-02
1.000000000000000541e-02
9.999999999999996739e-03
9.999999999999998473e-03
1.000000000000000541e-02
1.000000000000000194e-02
1.000000000000000368e-02
1.000000000000000888e-02
1.000000000000000021e-02
9.999999999999998473e-03
9.999999999999996739e-03
1.000000000000000021e-02
9.999999999999995004e-03
9.999999999999993269e-03
1.000000000000000368e-02
1.000000000000000194e-02
9.999999999999998473e-03
1.000000000000000368e-02
9.999999999999995004e-03
1.000000000000000021e-02
9.999999999999998473e-03
9.999999999999998473e-03
9.999999999999991535e-03
9.999999999999996739e-03
1.000000000000000021e-02
9.999999999999995004e-03
9.999999999999996739e-03
1.000000000000000194e-02
1.000000000000000715e-02
1.000000000000000194e-02
9.999999999999996739e-03
1.000000000000000194e-02
9.999999999999995004e-03
9.999999999999998473e-03
1.000000000000000368e-02
1.000000000000000541e-02
9.999999999999998473e-03
9.999999999999996739e-03
9.999999999999996739e-03
1.000000000000000368e-02
9.999999999999995004e-03
9.999999999999993269e-03
9.999999999999995004e-03
1.000000000000000194e-02
1.000000000000000541e-02
1.000000000000000541e-02
1.000000000000000021e-02
9.999999999999995004e-03
9.999999999999995004e-03
9.999999999999993269e-03
1.000000000000000194e-02
1.000000000000000888e-02
1.000000000000000541e-02
1.000000000000000368e-02
1.000000000000000715e-02
9.999999999999991535e-03
9.999999999999996739e-03
1.000000000000000541e-02
1.000000000000000715e-02
1.000000000000000194e-02
1.000000000000000715e-02
1.000000000000000021e-02
9.999999999999996739e-03
9.999999999999998473e-03
1.000000000000000021e-02
1.000000000000000021e-02
1.000000000000000194e-02
9.999999999999996739e-03
9.999999999999996739e-03
1.000000000000000021e-02
9.999999999999996739e-03
1.000000000000000541e-02
1.000000000000000715e-02
9.999999999999996739e-03
1.000000000000000194e-02
1.000000000000000541e-02
9.999999999999996739e-03
1.000000000000000021e-02
1.000000000000000541e-02
9.999999999999995004e-03
1.000000000000000021e-02
9.999999999999998473e-03
1.000000000000000715e-02
9.999999999999996739e-03
9.999999999999998473e-03
9.999999999999995004e-03
1.000000000000000368e-02
1.000000000000000368e-02
1.000000000000000541e-02
1.000000000000000021e-02
1.000000000000000194e-02
1.000000000000000021e-02
1.000000000000000021e-02
1.000000000000000541e-02
1.000000000000000021e-02
9.999999999999998473e-03
9.999999999999998473e-03
1.000000000000000368e-02
1.000000000000000021e-02
1.000000000000000541e-02
9.999999999999993269e-03
9.999999999999995004e-03
1.000000000000000194e-02
9.999999999999996739e-03
1.000000000000000021e-02
1.000000000000000541e-02
1.000000000000000194e-02
1.000000000000000021e-02
1.000000000000000368e-02
9.999999999999998473e-03
1.000000000000000715e-02
1.000000000000000194e-02
1.000000000000000194e-02
1.000000000000000021e-02
1.000000000000000368e-02
9.999999999999998473e-03
9.999999999999998473e-03
1.000000000000000021e-02
9.999999999999998473e-03
1.000000000000000194e-02
1.000000000000000021e-02
1.000000000000000368e-02
9.999999999999996739e-03
1.000000000000000368e-02
9.999999999999996739e-03
1.000000000000000021e-02
9.999999999999998473e-03
1.000000000000000194e-02
9.999999999999998473e-03
9.999999999999995004e-03
9.999999999999998473e-03
1.000000000000000541e-02
9.999999999999998473e-03
9.999999999999998473e-03
1.000000000000000715e-02
1.000000000000000021e-02
9.999999999999993269e-03
9.999999999999998473e-03
9.999999999999998473e-03
1.000000000000000541e-02
1.000000000000000368e-02
1.000000000000000368e-02
9.999999999999996739e-03
9.999999999999995004e-03
1.000000000000000021e-02
1.000000000000000194e-02
1.000000000000000021e-02
9.999999999999996739e-03
9.999999999999998473e-03
1.000000000000000888e-02
9.999999999999998473e-03
9.999999999999995004e-03
1.000000000000000715e-02
9.999999999999996739e-03
9.999999999999998473e-03
9.999999999999998473e-03
1.000000000000000021e-02
1.000000000000000194e-02
1.000000000000000194e-02
1.000000000000000541e-02
9.999999999999998473e-03
9.999999999999998473e-03
1.000000000000000194e-02
1.000000000000000194e-02
1.000000000000000194e-02
1.000000000000000368e-02
1.000000000000000194e-02
1.000000000000000368e-02
1.000000000000000541e-02
9.999999999999995004e-03
1.000000000000000541e-02
9.999999999999998473e-03
9.999999999999998473e-03
9.999999999999995004e-03
1.000000000000000021e-02
9.999999999999995004e-03
1.000000000000000368e-02
1.000000000000000021e-02
1.000000000000000368e-02
1.000000000000000194e-02
9.999999999999998473e-03
1.000000000000000021e-02
9.999999999999998473e-03
1.000000000000000021e-02
9.999999999999991535e-03
1.000000000000000021e-02
1.000000000000000541e-02
1.000000000000000194e-02
1.000000000000000194e-02
1.000000000000000194e-02
1.000000000000000368e-02
9.999999999999998473e-03
1.000000000000000194e-02
1.000000000000000194e-02
1.000000000000000021e-02
1.000000000000000194e-02
1.000000000000000368e-02
1.000000000000000021e-02
1.000000000000000541e-02
1.000000000000000021e-02
9.999999999999996739e-03
1.000000000000000194e-02
1.000000000000000021e-02
1.000000000000000021e-02
9.999999999999998473e-03
9.999999999999998473e-03
9.999999999999998473e-03
1.000000000000000194e-02
1.000000000000000194e-02
1.000000000000000021e-02
9.999999999999996739e-03
9.999999999999996739e-03
1.000000000000000194e-02
1.000000000000000368e-02
9.999999999999995004e-03
9.999999999999995004e-03
1.000000000000000194e-02
1.000000000000000021e-02
1.000000000000000541e-02
1.000000000000000194e-02
9.999999999999998473e-03
1.000000000000000368e-02
9.999999999999996739e-03
1.000000000000000021e-02
1.000000000000000021e-02
1.000000000000000368e-02
9.999999999999996739e-03
1.000000000000000021e-02
9.999999999999998473e-03
9.999999999999998473e-03
1.000000000000000194e-02
9.999999999999991535e-03
9.999999999999998473e-03
9.999999999999996739e-03
1.000000000000000021e-02
1.000000000000000194e-02
1.000000000000000368e-02
1.000000000000000194e-02
1.000000000000000194e-02
9.999999999999996739e-03
1.000000000000000368e-02
1.000000000000000368e-02
1.000000000000000021e-02
9.999999999999998473e-03
1.000000000000000021e-02
1.000000000000000194e-02
1.000000000000000194e-02
1.000000000000000021e-02
9.999999999999998473e-03
1.000000000000000194e-02
1.000000000000000194e-02
1.000000000000000021e-02
9.999999999999991535e-03
9.999999999999998473e-03
1.000000000000000715e-02
9.999999999999998473e-03
1.000000000000000194e-02
1.000000000000000021e-02
1.000000000000000715e-02
1.000000000000000194e-02
9.999999999999998473e-03
1.000000000000000021e-02
1.000000000000000194e-02
9.999999999999995004e-03
1.000000000000000021e-02
1.000000000000000021e-02
9.999999999999996739e-03
1.000000000000000194e-02
9.999999999999998473e-03
9.999999999999996739e-03
1.000000000000000194e-02
1.000000000000000715e-02
9.999999999999998473e-03
9.999999999999998473e-03
9.999999999999998473e-03
9.999999999999996739e-03
1.000000000000000194e-02
9.999999999999998473e-03
1.000000000000000368e-02
1.000000000000000021e-02
9.999999999999993269e-03
9.999999999999998473e-03
9.999999999999996739e-03
1.000000000000000194e-02
1.000000000000000194e-02
1.000000000000000194e-02
9.999999999999998473e-03
9.999999999999998473e-03
9.999999999999998473e-03
9.999999999999996739e-03
1.000000000000000194e-02
1.000000000000000368e-02
1.000000000000000715e-02
1.000000000000000194e-02
1.000000000000000194e-02
9.999999999999996739e-03
1.000000000000000021e-02
9.999999999999995004e-03
1.000000000000000368e-02
1.000000000000000021e-02
9.999999999999998473e-03
1.000000000000000194e-02
9.999999999999998473e-03
9.999999999999998473e-03
1.000000000000000021e-02
1.000000000000000194e-02
9.999999999999995004e-03
9.999999999999998473e-03
9.999999999999998473e-03
9.999999999999998473e-03
9.999999999999996739e-03
1.000000000000000541e-02
1.000000000000000368e-02
1.000000000000000368e-02
9.999999999999998473e-03
9.999999999999993269e-03
9.999999999999998473e-03
9.999999999999998473e-03
1.000000000000000021e-02
1.000000000000000368e-02
1.000000000000000368e-02
1.000000000000000021e-02
1.000000000000000541e-02
9.999999999999998473e-03
9.999999999999996739e-03
1.000000000000000194e-02
9.999999999999996739e-03
9.999999999999995004e-03
9.999999999999996739e-03
1.000000000000000368e-02
1.000000000000000021e-02
1.000000000000000194e-02
9.999999999999995004e-03
9.999999999999996739e-03
1.000000000000000368e-02
1.000000000000000368e-02
1.000000000000000194e-02
9.999999999999998473e-03
9.999999999999998473e-03
1.000000000000000368e-02
1.000000000000000368e-02
1.000000000000000194e-02
1.000000000000000715e-02
1.000000000000000021e-02
1.000000000000000368e-02
1.000000000000000021e-02
1.000000000000000021e-02
9.999999999999998473e-03
9.999999999999998473e-03
1.000000000000000021e-02
9.999999999999995004e-03
9.999999999999998473e-03
9.999999999999995004e-03
1.000000000000000194e-02
1.000000000000000194e-02
9.999999999999995004e-03
1.000000000000000194e-02
1.000000000000000194e-02
1.000000000000000194e-02
1.000000000000000194e-02
9.999999999999998473e-03
9.999999999999996739e-03
1.000000000000000541e-02
1.000000000000000194e-02
9.999999999999996739e-03
1.000000000000000021e-02
1.000000000000000021e-02
1.000000000000000194e-02
1.000000000000000194e-02
9.999999999999995004e-03
1.000000000000000368e-02
1.000000000000000021e-02
9.999999999999998473e-03
9.999999999999998473e-03
9.999999999999995004e-03
9.999999999999998473e-03
9.999999999999998473e-03
1.000000000000000194e-02
1.000000000000000194e-02
9.999999999999998473e-03
9.999999999999998473e-03
1.000000000000000368e-02
9.999999999999998473e-03
9.999999999999998473e-03
1.000000000000000541e-02
9.999999999999998473e-03
1.000000000000000021e-02
1.000000000000000194e-02
9.999999999999998473e-03
9.999999999999998473e-03
1.000000000000000194e-02
1.000000000000000194e-02
1.000000000000000194e-02
1.000000000000000021e-02
1.000000000000000368e-02
1.000000000000000541e-02
1.000000000000000194e-02
1.000000000000000194e-02
1.000000000000000021e-02
9.999999999999996739e-03
9.999999999999996739e-03
9.999999999999996739e-03
1.000000000000000541e-02
1.000000000000000021e-02
9.999999999999998473e-03
1.000000000000000541e-02
1.000000000000000194e-02
9.999999999999996739e-03
9.999999999999996739e-03
9.999999999999998473e-03
9.999999999999996739e-03
1.000000000000000194e-02
9.999999999999998473e-03
1.000000000000000194e-02
1.000000000000000021e-02
9.999999999999993269e-03
9.999999999999998473e-03
9.999999999999996739e-03
1.000000000000000715e-02
1.000000000000000021e-02
9.999999999999998473e-03
1.000000000000000194e-02
1.000000000000000194e-02
1.000000000000000194e-02
9.999999999999996739e-03
1.000000000000000021e-02
9.999999999999995004e-03
9.999999999999998473e-03
9.999999999999998473e-03
1.000000000000000194e-02
1.000000000000000021e-02
9.999999999999998473e-03
1.000000000000000021e-02
1.000000000000000368e-02
1.000000000000000021e-02
9.999999999999998473e-03
1.000000000000000194e-02
1.000000000000000368e-02
9.999999999999996739e-03
1.000000000000000194e-02
1.000000000000000021e-02
1.000000000000000368e-02
1.000000000000000194e-02
9.999999999999998473e-03
1.000000000000000021e-02
1.000000000000000194e-02
9.999999999999995004e-03
1.000000000000000368e-02
1.000000000000000368e-02
1.000000000000000194e-02
1.000000000000000021e-02
1.000000000000000021e-02
9.999999999999998473e-03
9.999999999999998473e-03
1.000000000000000368e-02
1.000000000000000021e-02
1.000000000000000021e-02
9.999999999999996739e-03
1.000000000000000194e-02
1.000000000000000021e-02
1.000000000000000021e-02
9.999999999999996739e-03
1.000000000000000194e-02
9.999999999999995004e-03
1.000000000000000368e-02
1.000000000000000021e-02
1.000000000000000541e-02
1.000000000000000021e-02
1.000000000000000021e-02
1.000000000000000194e-02
1.000000000000000021e-02
1.000000000000000194e-02
1.000000000000000021e-02
9.999999999999998473e-03
1.000000000000000194e-02
1.000000000000000194e-02
1.000000000000000368e-02
1.000000000000000194e-02
9.999999999999996739e-03
9.999999999999998473e-03
1.000000000000000021e-02
1.000000000000000021e-02
9.999999999999996739e-03
9.999999999999996739e-03
1.000000000000000021e-02
1.000000000000000194e-02
9.999999999999996739e-03
1.000000000000000021e-02
1.000000000000000368e-02
1.000000000000000368e-02
1.000000000000000541e-02
1.000000000000000021e-02
9.999999999999996739e-03
1.000000000000000021e-02
9.999999999999996739e-03
1.000000000000000194e-02
9.999999999999995004e-03
1.000000000000000368e-02
1.000000000000000194e-02
1.000000000000000021e-02
1.000000000000000194e-02
9.999999999999996739e-03
1.000000000000000021e-02
9.999999999999996739e-03
1.000000000000000021e-02
1.000000000000000368e-02
9.999999999999996739e-03
1.000000000000000021e-02
1.000000000000000194e-02
1.000000000000000021e-02
9.999999999999998473e-03
9.999999999999998473e-03
1.000000000000000021e-02
1.000000000000000194e-02
1.000000000000000021e-02
9.999999999999996739e-03
1.000000000000000368e-02
1.000000000000000194e-02
9.999999999999995004e-03
1.000000000000000021e-02
1.000000000000000194e-02
9.999999999999998473e-03
9.999999999999998473e-03
9.999999999999998473e-03
1.000000000000000021e-02
9.999999999999998473e-03
1.000000000000000021e-02
1.000000000000000021e-02
9.999999999999998473e-03
1.000000000000000194e-02
1.000000000000000021e-02
1.000000000000000194e-02
1.000000000000000021e-02
1.000000000000000021e-02
1.000000000000000021e-02
1.000000000000000021e-02
1.000000000000000021e-02
9.999999999999996739e-03
1.000000000000000368e-02
1.000000000000000194e-02
1.000000000000000194e-02
1.000000000000000021e-02
9.999999999999998473e-03
1.000000000000000194e-02
1.000000000000000194e-02
1.000000000000000021e-02
1.000000000000000021e-02
1.000000000000000021e-02
1.000000000000000368e-02
9.999999999999996739e-03
1.000000000000000194e-02
1.000000000000000194e-02
1.000000000000000194e-02
9.999999999999998473e-03
1.000000000000000194e-02
1.000000000000000194e-02
1.000000000000000021e-02
9.999999999999995004e-03
9.999999999999993269e-03
1.000000000000000194e-02
1.000000000000000368e-02
1.000000000000000194e-02
1.000000000000000368e-02
1.000000000000000021e-02
9.999999999999998473e-03
9.999999999999998473e-03
1.000000000000000368e-02
9.999999999999995004e-03
9.999999999999998473e-03
9.999999999999996739e-03
1.000000000000000368e-02
1.000000000000000541e-02
1.000000000000000021e-02
1.000000000000000368e-02
9.999999999999998473e-03
9.999999999999995004e-03
9.999999999999996739e-03
1.000000000000000021e-02
1.000000000000000368e-02
1.000000000000000021e-02
1.000000000000000194e-02
1.000000000000000541e-02
1.000000000000000194e-02
1.000000000000000194e-02
1.000000000000000021e-02
1.000000000000000021e-02
9.999999999999998473e-03
1.000000000000000541e-02
1.000000000000000194e-02
1.000000000000000194e-02
1.000000000000000194e-02
1.000000000000000021e-02
1.000000000000000368e-02
9.999999999999996739e-03
9.999999999999998473e-03
1.000000000000000368e-02
1.000000000000000368e-02
9.999999999999998473e-03
1.000000000000000194e-02
1.000000000000000021e-02
1.000000000000000021e-02
1.000000000000000368e-02
1.000000000000000368e-02
1.000000000000000194e-02
1.000000000000000194e-02
1.000000000000000021e-02
9.999999999999996739e-03
1.000000000000000021e-02
9.999999999999998473e-03
1.000000000000000021e-02
9.999999999999996739e-03
1.000000000000000021e-02
1.000000000000000021e-02
1.000000000000000021e-02
9.999999999999998473e-03
9.999999999999998473e-03
9.999999999999995004e-03
9.999999999999996739e-03
1.000000000000000021e-02
