5.069812550549350760e+00
4.856154039876201089e+00
4.643189964492672850e+00
4.425268569164451549e+00
4.203224472314952109e+00
3.978345212465998593e+00
3.752032618019156551e+00
3.525767876628777664e+00
3.301074948964975331e+00
3.079470591337366336e+00
2.862415922384965228e+00
2.651271400902783348e+00
2.447260273332197755e+00
2.251439174441470570e+00
2.064678871138432736e+00
1.887654582427266803e+00
1.720844672521750773e+00
1.564536998646500310e+00
1.418841901769289926e+00
1.283710510400293270e+00
1.158955533746552691e+00
1.044274101388949827e+00
9.392704139107345140e-01
8.434783052681383841e-01
7.563815674780984821e-01
6.774321051066478638e-01
6.060660055416458025e-01
5.417166921896044984e-01
4.838256741577515729e-01
4.318508528135976410e-01
3.852729114898891249e-01
3.435996284605332129e-01
3.063688504248220368e-01
2.731500744351865184e-01
2.435449346603311416e-01
2.171870552758304596e-01
1.937411633542435174e-01
1.729018155261108081e-01
1.543918587264960229e-01
1.379606300965289523e-01
1.233821191859575533e-01
1.104530756525153035e-01
9.899114193350298796e-02
8.883301845704624777e-02
7.983274087220673665e-02
7.186002110546123312e-02
6.479874784443824531e-02
5.854554782116415390e-02
5.300848274242159902e-02
4.810586372931338617e-02
4.376516088216508144e-02
3.992201562480496985e-02
3.651936375973827142e-02
3.350662695770642574e-02
3.083899470429220593e-02
2.847678477553274717e-02
2.638485935890757736e-02
2.453212024696622279e-02
2.289104553627066205e-02
2.143728356905565124e-02
2.014929122121084798e-02
1.900800997150233276e-02
1.799658197336677715e-02
1.710009600614104813e-02
1.630536271243142321e-02
1.560071604443086409e-02
1.497583676884033099e-02
1.442159670256118117e-02
1.392992076219467384e-02
1.349366490301685123e-02
1.310650827464817161e-02
1.276285780611163996e-02
1.245776392578236760e-02
1.218684592728234983e-02
1.194622598456037549e-02
1.173247118579616617e-02
1.154254206651639074e-02
1.137374695560251260e-02
1.122370190348808555e-02
1.109029507367381706e-02
1.097165551343516621e-02
1.086612510415157183e-02
1.077223450526058370e-02
1.068868116678437473e-02
1.061431015232485592e-02
1.054809728992172659e-02
1.048913429246126419e-02
1.043661538255732241e-02
1.038982553081309497e-02
1.034813021429758714e-02
1.031096617646775314e-02
1.027783332257410989e-02
1.024828756401665632e-02
1.022193445738971834e-02
1.019842357261342355e-02
1.017744352646122313e-02
1.015871755116431671e-02
1.014199961975433342e-02
1.012707096070299823e-02
1.011373701525284871e-02
1.010182468768927588e-02
1.009117997991110412e-02
1.008166583237970343e-02
1.007316023530262054e-02
1.006555455655403462e-02
1.005875204917501542e-02
1.005266653377239090e-02
1.004722122324968291e-02
1.004234768616323568e-02
1.003798492262632930e-02
1.003407854406035936e-02
1.003058004857122938e-02
1.002744617077834001e-02
1.002463830649951738e-02
1.002212200641845741e-02
1.001986651909685978e-02
1.001784438862737651e-02
1.001603109535723589e-02
1.001440473721493252e-02
1.001294574637752802e-02
1.001163663456543750e-02
1.001046177339601044e-02
1.000940718455538975e-02
1.000846037219572764e-02
1.000761015749350100e-02
1.000684653968455032e-02
1.000616056941413569e-02
1.000554423651003021e-02
1.000499036984742879e-02
1.000449254807122060e-02
1.000404501998593439e-02
1.000364263344506732e-02
1.000328077202672188e-02
1.000295529844469691e-02
1.000266250403920518e-02
1.000239906366341171e-02
1.000216199545659115e-02
1.000194862481823196e-02
1.000175655227054580e-02
1.000158362473023942e-02
1.000142790982500030e-02
1.000128767292889076e-02
1.000116135662486652e-02
1.000104756233348088e-02
1.000094503387574316e-02
1.000085264276262369e-02
1.000076937503812519e-02
1.000069431946313744e-02
1.000062665698613247e-02
1.000056565127909608e-02
1.000051064026602141e-02
1.000046102853232796e-02
1.000041628052633635e-02
1.000037591444565693e-02
1.000033949678501635e-02
1.000030663742633961e-02
1.000027698523997706e-02
1.000025022413810437e-02
1.000022606953269479e-02
1.000020426515875992e-02
1.000018458021898968e-02
1.000016680682243829e-02
1.000015075768372584e-02
1.000013626405497381e-02
1.000012317387358185e-02
1.000011135008955707e-02
1.000010066916737043e-02
1.000009101973891625e-02
1.000008230139144520e-02
1.000007442357826390e-02
1.000006730463913300e-02
1.000006087091922721e-02
1.000005505597368304e-02
1.000004979985896596e-02
1.000004504848727750e-02
1.000004075304969549e-02
1.000003686949593393e-02
1.000003335806597983e-02
1.000003018286830039e-02
1.000002731150002183e-02
1.000002471470471353e-02
1.000002236606417974e-02
1.000002024172067655e-02
1.000001832012674396e-02
1.000001658181926163e-02
1.000001500921650008e-02
1.000001358643475870e-02
1.000001229912280548e-02
1.000001113431293366e-02
1.000001008028699075e-02
1.000000912645456971e-02
1.000000826324376479e-02
1.000000748200273980e-02
1.000000677491051822e-02
1.000000613489646778e-02
1.000000555556804747e-02
1.000000503114529052e-02
1.000000455640171100e-02
1.000000412661093165e-02
1.000000373749849840e-02
1.000000338519858173e-02
1.000000306621455157e-02
1.000000277738341374e-02
1.000000251584392055e-02
1.000000227900755753e-02
1.000000206453251564e-02
1.000000187029994117e-02
1.000000169439260039e-02
1.000000153507563799e-02
1.000000139077910667e-02
1.000000126008222627e-02
1.000000114169915383e-02
1.000000103446607898e-02
1.000000093732962038e-02
1.000000084933625952e-02
1.000000076962288473e-02
1.000000069740811931e-02
1.000000063198461242e-02
1.000000057271195446e-02
1.000000051901031237e-02
1.000000047035469290e-02
1.000000042626974020e-02
1.000000038632502600e-02
1.000000035013077875e-02
1.000000031733401691e-02
1.000000028761507086e-02
1.000000026068445513e-02
1.000000023627996455e-02
1.000000021416413802e-02
1.000000019412188891e-02
1.000000017595838522e-02
1.000000015949717089e-02
1.000000014457836685e-02
1.000000013105719829e-02
1.000000011880246287e-02
1.000000010769533723e-02
1.000000009762814536e-02
1.000000008850335416e-02
1.000000008023258467e-02
1.000000007273578635e-02
1.000000006594039918e-02
1.000000005978069102e-02
1.000000005419711575e-02
1.000000004913568878e-02
1.000000004454752560e-02
1.000000004038828667e-02
1.000000003661783224e-02
1.000000003319976259e-02
1.000000003010110931e-02
1.000000002729196230e-02
1.000000002474525987e-02
1.000000002243644180e-02
1.000000002034325680e-02
1.000000001844555085e-02
1.000000001672503823e-02
1.000000001516515753e-02
1.000000001375088779e-02
1.000000001246863397e-02
1.000000001130605005e-02
1.000000001025196095e-02
1.000000000929622893e-02
1.000000000842966169e-02
1.000000000764394645e-02
1.000000000693151460e-02
1.000000000628553654e-02
1.000000000569980022e-02
1.000000000516869901e-02
1.000000000468711549e-02
1.000000000425042834e-02
1.000000000385445689e-02
1.000000000349540209e-02
1.000000000316981531e-02
1.000000000287456711e-02
1.000000000260684030e-02
1.000000000236407095e-02
1.000000000214391893e-02
1.000000000194427655e-02
1.000000000176324427e-02
1.000000000159906657e-02
1.000000000145018740e-02
1.000000000131517734e-02
1.000000000119273882e-02
1.000000000108171305e-02
1.000000000098102276e-02
1.000000000088971386e-02
1.000000000080690163e-02
1.000000000073180371e-02
1.000000000066369847e-02
1.000000000060193017e-02
1.000000000054591769e-02
1.000000000049512151e-02
1.000000000044904726e-02
1.000000000040726124e-02
1.000000000036936794e-02
1.000000000033500480e-02
1.000000000030384049e-02
1.000000000027557144e-02
1.000000000024993570e-02
1.000000000022668867e-02
1.000000000020559963e-02
1.000000000018647084e-02
1.000000000016912360e-02
1.000000000015339487e-02
1.000000000013912850e-02
1.000000000012618920e-02
1.000000000011445379e-02
1.000000000010380953e-02
1.000000000009415926e-02
1.000000000008540064e-02
1.000000000007745388e-02
1.000000000007025130e-02
1.000000000006371834e-02
1.000000000005779426e-02
1.000000000005242355e-02
1.000000000004754898e-02
1.000000000004312543e-02
1.000000000003911649e-02
1.000000000003548051e-02
1.000000000003217933e-02
1.000000000002919213e-02
1.000000000002647903e-02
1.000000000002401745e-02
1.000000000002178140e-02
1.000000000001975524e-02
1.000000000001792164e-02
1.000000000001625283e-02
1.000000000001474015e-02
1.000000000001336972e-02
1.000000000001212766e-02
1.000000000001100356e-02
1.000000000000998007e-02
1.000000000000905200e-02
1.000000000000821412e-02
1.000000000000744564e-02
1.000000000000675349e-02
1.000000000000612725e-02
1.000000000000555653e-02
1.000000000000503958e-02
1.000000000000456947e-02
1.000000000000414620e-02
1.000000000000376109e-02
1.000000000000341241e-02
1.000000000000309495e-02
1.000000000000280873e-02
1.000000000000254678e-02
1.000000000000231086e-02
1.000000000000209575e-02
1.000000000000189800e-02
1.000000000000172279e-02
1.000000000000156319e-02
1.000000000000142095e-02
1.000000000000128564e-02
1.000000000000116594e-02
1.000000000000106012e-02
1.000000000000095951e-02
1.000000000000086930e-02
1.000000000000078951e-02
1.000000000000071838e-02
1.000000000000064899e-02
1.000000000000058828e-02
1.000000000000053624e-02
1.000000000000048593e-02
1.000000000000044083e-02
1.000000000000039746e-02
1.000000000000036277e-02
1.000000000000032981e-02
1.000000000000029858e-02
1.000000000000027256e-02
1.000000000000024480e-02
1.000000000000022399e-02
1.000000000000020317e-02
1.000000000000018235e-02
1.000000000000016501e-02
1.000000000000014939e-02
1.000000000000013552e-02
1.000000000000012337e-02
1.000000000000011297e-02
1.000000000000009909e-02
1.000000000000009215e-02
1.000000000000008347e-02
1.000000000000007654e-02
1.000000000000006960e-02
1.000000000000006266e-02
1.000000000000005572e-02
1.000000000000005225e-02
1.000000000000004705e-02
1.000000000000004358e-02
1.000000000000004011e-02
1.000000000000003490e-02
1.000000000000003143e-02
1.000000000000002796e-02
1.000000000000002623e-02
1.000000000000002449e-02
1.000000000000002276e-02
1.000000000000001756e-02
1.000000000000001929e-02
1.000000000000001756e-02
1.000000000000001235e-02
1.000000000000001409e-02
1.000000000000001235e-02
1.000000000000001062e-02
1.000000000000001062e-02
1.000000000000000888e-02
1.000000000000000715e-02
1.000000000000000888e-02
1.000000000000000715e-02
1.000000000000000541e-02
1.000000000000000368e-02
1.000000000000000541e-02
1.000000000000000715e-02
1.000000000000000368e-02
1.000000000000000368e-02
1.000000000000000368e-02
1.000000000000000368e-02
1.000000000000000368e-02
1.000000000000000194e-02
1.000000000000000021e-02
1.000000000000000021e-02
1.000000000000000021e-02
1.000000000000000368e-02
1.000000000000000194e-02
1.000000000000000194e-02
1.000000000000000194e-02
1.000000000000000021e-02
1.000000000000000021e-02
1.000000000000000021e-02
1.000000000000000021e-02
1.000000000000000194e-02
1.000000000000000021e-02
1.000000000000000021e-02
1.000000000000000194e-02
1.000000000000000194e-02
1.000000000000000021e-02
1.000000000000000021e-02
1.000000000000000021e-02
1.000000000000000021e-02
1.000000000000000021e-02
1.000000000000000021e-02
1.000000000000000194e-02
1.000000000000000021e-02
9.999999999999998473e-03
1.000000000000000194e-02
1.000000000000000021e-02
1.000000000000000194e-02
1.000000000000000194e-02
1.000000000000000021e-02
1.000000000000000021e-02
1.000000000000000021e-02
1.000000000000000021e-02
1.000000000000000021e-02
1.000000000000000194e-02
9.999999999999998473e-03
1.000000000000000021e-02
1.000000000000000021e-02
1.000000000000000021e-02
1.000000000000000021e-02
1.000000000000000021e-02
1.000000000000000021e-02
9.999999999999998473e-03
1.000000000000000021e-02
1.000000000000000021e-02
1.000000000000000021e-02
1.000000000000000021e-02
1.000000000000000194e-02
9.999999999999998473e-03
1.000000000000000194e-02
9.999999999999998473e-03
1.000000000000000021e-02
1.000000000000000194e-02
1.000000000000000021e-02
1.000000000000000021e-02
1.000000000000000021e-02
1.000000000000000021e-02
1.000000000000000021e-02
9.999999999999998473e-03
1.000000000000000021e-02
1.000000000000000021e-02
9.999999999999998473e-03
1.000000000000000194e-02
1.000000000000000021e-02
9.999999999999998473e-03
1.000000000000000194e-02
1.000000000000000021e-02
9.999999999999998473e-03
9.999999999999998473e-03
9.999999999999998473e-03
1.000000000000000194e-02
1.000000000000000021e-02
1.000000000000000021e-02
1.000000000000000194e-02
1.000000000000000194e-02
1.000000000000000021e-02
1.000000000000000021e-02
1.000000000000000021e-02
1.000000000000000194e-02
1.000000000000000021e-02
1.000000000000000021e-02
9.999999999999998473e-03
1.000000000000000021e-02
1.000000000000000194e-02
1.000000000000000194e-02
1.000000000000000021e-02
9.999999999999998473e-03
1.000000000000000021e-02
9.999999999999998473e-03
9.999999999999998473e-03
1.000000000000000021e-02
1.000000000000000021e-02
1.000000000000000021e-02
1.000000000000000021e-02
1.000000000000000021e-02
9.999999999999998473e-03
9.999999999999996739e-03
1.000000000000000021e-02
1.000000000000000021e-02
1.000000000000000021e-02
1.000000000000000194e-02
9.999999999999998473e-03
1.000000000000000194e-02
1.000000000000000021e-02
1.000000000000000021e-02
1.000000000000000194e-02
1.000000000000000021e-02
1.000000000000000021e-02
1.000000000000000021e-02
9.999999999999998473e-03
1.000000000000000021e-02
1.000000000000000194e-02
1.000000000000000021e-02
9.999999999999998473e-03
1.000000000000000021e-02
1.000000000000000021e-02
1.000000000000000021e-02
9.999999999999998473e-03
1.000000000000000194e-02
9.999999999999998473e-03
1.000000000000000021e-02
1.000000000000000021e-02
1.000000000000000021e-02
1.000000000000000021e-02
1.000000000000000194e-02
1.000000000000000021e-02
1.000000000000000021e-02
1.000000000000000021e-02
1.000000000000000194e-02
1.000000000000000021e-02
1.000000000000000021e-02
1.000000000000000194e-02
1.000000000000000021e-02
1.000000000000000021e-02
1.000000000000000021e-02
1.000000000000000021e-02
1.000000000000000021e-02
1.000000000000000194e-02
1.000000000000000194e-02
1.000000000000000021e-02
9.999999999999998473e-03
1.000000000000000021e-02
1.000000000000000194e-02
1.000000000000000021e-02
1.000000000000000194e-02
1.000000000000000021e-02
1.000000000000000021e-02
1.000000000000000021e-02
9.999999999999998473e-03
1.000000000000000021e-02
1.000000000000000021e-02
1.000000000000000021e-02
9.999999999999998473e-03
1.000000000000000021e-02
1.000000000000000021e-02
1.000000000000000021e-02
1.000000000000000194e-02
1.000000000000000021e-02
1.000000000000000021e-02
1.000000000000000021e-02
9.999999999999998473e-03
1.000000000000000021e-02
1.000000000000000021e-02
9.999999999999998473e-03
1.000000000000000021e-02
1.000000000000000021e-02
1.000000000000000194e-02
1.000000000000000021e-02
1.000000000000000021e-02
1.000000000000000021e-02
1.000000000000000021e-02
1.000000000000000021e-02
1.000000000000000021e-02
1.000000000000000021e-02
1.000000000000000021e-02
9.999999999999998473e-03
1.000000000000000021e-02
9.999999999999998473e-03
1.000000000000000194e-02
1.000000000000000194e-02
9.999999999999998473e-03
1.000000000000000021e-02
1.000000000000000021e-02
1.000000000000000021e-02
1.000000000000000021e-02
1.000000000000000021e-02
1.000000000000000021e-02
1.000000000000000021e-02
1.000000000000000021e-02
1.000000000000000194e-02
1.000000000000000021e-02
1.000000000000000021e-02
1.000000000000000021e-02
1.000000000000000021e-02
1.000000000000000021e-02
9.999999999999998473e-03
1.000000000000000021e-02
1.000000000000000021e-02
1.000000000000000021e-02
1.000000000000000021e-02
1.000000000000000021e-02
1.000000000000000021e-02
1.000000000000000194e-02
1.000000000000000021e-02
1.000000000000000021e-02
1.000000000000000021e-02
1.000000000000000021e-02
1.000000000000000021e-02
1.000000000000000021e-02
1.000000000000000021e-02
1.000000000000000021e-02
1.000000000000000021e-02
1.000000000000000194e-02
1.000000000000000194e-02
1.000000000000000021e-02
9.999999999999998473e-03
1.000000000000000021e-02
1.000000000000000021e-02
1.000000000000000194e-02
1.000000000000000021e-02
1.000000000000000021e-02
1.000000000000000021e-02
1.000000000000000021e-02
1.000000000000000021e-02
1.000000000000000194e-02
9.999999999999998473e-03
9.999999999999998473e-03
1.000000000000000021e-02
1.000000000000000021e-02
1.000000000000000021e-02
1.000000000000000021e-02
1.000000000000000021e-02
1.000000000000000021e-02
9.999999999999998473e-03
1.000000000000000194e-02
1.000000000000000021e-02
1.000000000000000021e-02
1.000000000000000021e-02
1.000000000000000021e-02
1.000000000000000021e-02
1.000000000000000194e-02
1.000000000000000021e-02
1.000000000000000021e-02
1.000000000000000021e-02
1.000000000000000194e-02
1.000000000000000021e-02
9.999999999999998473e-03
9.999999999999998473e-03
9.999999999999998473e-03
1.000000000000000021e-02
1.000000000000000021e-02
1.000000000000000021e-02
1.000000000000000021e-02
1.000000000000000021e-02
9.999999999999998473e-03
1.000000000000000021e-02
1.000000000000000021e-02
1.000000000000000021e-02
1.000000000000000021e-02
1.000000000000000194e-02
1.000000000000000021e-02
9.999999999999998473e-03
1.000000000000000194e-02
1.000000000000000021e-02
1.000000000000000021e-02
1.000000000000000021e-02
1.000000000000000194e-02
1.000000000000000021e-02
1.000000000000000021e-02
1.000000000000000021e-02
1.000000000000000021e-02
1.000000000000000021e-02
9.999999999999998473e-03
1.000000000000000021e-02
1.000000000000000021e-02
9.999999999999998473e-03
1.000000000000000194e-02
1.000000000000000194e-02
1.000000000000000021e-02
1.000000000000000021e-02
1.000000000000000021e-02
1.000000000000000021e-02
1.000000000000000194e-02
1.000000000000000194e-02
1.000000000000000021e-02
1.000000000000000194e-02
9.999999999999998473e-03
1.000000000000000021e-02
1.000000000000000021e-02
1.000000000000000021e-02
9.999999999999998473e-03
1.000000000000000194e-02
9.999999999999998473e-03
1.000000000000000194e-02
1.000000000000000194e-02
1.000000000000000021e-02
1.000000000000000021e-02
1.000000000000000021e-02
1.000000000000000021e-02
1.000000000000000194e-02
1.000000000000000021e-02
1.000000000000000021e-02
1.000000000000000021e-02
1.000000000000000194e-02
1.000000000000000194e-02
1.000000000000000194e-02
1.000000000000000194e-02
9.999999999999998473e-03
9.999999999999998473e-03
1.000000000000000021e-02
9.999999999999998473e-03
1.000000000000000021e-02
1.000000000000000021e-02
1.000000000000000194e-02
9.999999999999998473e-03
1.000000000000000021e-02
1.000000000000000021e-02
9.999999999999998473e-03
1.000000000000000194e-02
1.000000000000000194e-02
1.000000000000000021e-02
9.999999999999998473e-03
1.000000000000000194e-02
1.000000000000000021e-02
1.000000000000000368e-02
1.000000000000000021e-02
1.000000000000000194e-02
9.999999999999998473e-03
1.000000000000000021e-02
1.000000000000000021e-02
1.000000000000000021e-02
1.000000000000000021e-02
1.000000000000000021e-02
1.000000000000000021e-02
1.000000000000000021e-02
1.000000000000000021e-02
1.000000000000000194e-02
1.000000000000000021e-02
9.999999999999998473e-03
1.000000000000000194e-02
1.000000000000000194e-02
9.999999999999998473e-03
9.999999999999998473e-03
1.000000000000000021e-02
1.000000000000000021e-02
1.000000000000000021e-02
1.000000000000000021e-02
1.000000000000000194e-02
1.000000000000000021e-02
9.999999999999998473e-03
1.000000000000000021e-02
1.000000000000000021e-02
1.000000000000000021e-02
9.999999999999998473e-03
1.000000000000000021e-02
9.999999999999998473e-03
1.000000000000000021e-02
1.000000000000000021e-02
1.000000000000000021e-02
1.000000000000000194e-02
1.000000000000000021e-02
1.000000000000000021e-02
1.000000000000000194e-02
1.000000000000000021e-02
1.000000000000000021e-02
1.000000000000000021e-02
1.000000000000000021e-02
1.000000000000000368e-02
1.000000000000000021e-02
1.000000000000000021e-02
9.999999999999998473e-03
1.000000000000000021e-02
1.000000000000000021e-02
1.000000000000000021e-02
1.000000000000000194e-02
9.999999999999998473e-03
1.000000000000000021e-02
1.000000000000000194e-02
1.000000000000000021e-02
1.000000000000000194e-02
1.000000000000000021e-02
1.000000000000000021e-02
1.000000000000000021e-02
1.000000000000000021e-02
1.000000000000000021e-02
1.000000000000000021e-02
1.000000000000000194e-02
1.000000000000000021e-02
1.000000000000000021e-02
9.999999999999998473e-03
1.000000000000000021e-02
9.999999999999998473e-03
1.000000000000000021e-02
9.999999999999998473e-03
1.000000000000000194e-02
1.000000000000000021e-02
1.000000000000000021e-02
1.000000000000000021e-02
1.000000000000000021e-02
9.999999999999998473e-03
1.000000000000000194e-02
1.000000000000000021e-02
1.000000000000000021e-02
1.000000000000000021e-02
1.000000000000000021e-02
1.000000000000000021e-02
1.000000000000000194e-02
9.999999999999998473e-03
1.000000000000000021e-02
1.000000000000000021e-02
9.999999999999998473e-03
9.999999999999998473e-03
9.999999999999998473e-03
1.000000000000000021e-02
1.000000000000000021e-02
1.000000000000000021e-02
1.000000000000000021e-02
1.000000000000000021e-02
1.000000000000000194e-02
1.000000000000000021e-02
1.000000000000000021e-02
1.000000000000000194e-02
1.000000000000000194e-02
1.000000000000000194e-02
1.000000000000000021e-02
9.999999999999998473e-03
1.000000000000000194e-02
1.000000000000000021e-02
1.000000000000000021e-02
1.000000000000000021e-02
1.000000000000000021e-02
1.000000000000000021e-02
1.000000000000000194e-02
1.000000000000000021e-02
1.000000000000000021e-02
1.000000000000000021e-02
9.999999999999998473e-03
1.000000000000000021e-02
9.999999999999998473e-03
1.000000000000000021e-02
1.000000000000000021e-02
1.000000000000000194e-02
1.000000000000000021e-02
1.000000000000000021e-02
1.000000000000000021e-02
1.000000000000000021e-02
1.000000000000000194e-02
1.000000000000000194e-02
1.000000000000000021e-02
1.000000000000000021e-02
1.000000000000000021e-02
1.000000000000000021e-02
1.000000000000000021e-02
1.000000000000000021e-02
1.000000000000000194e-02
1.000000000000000021e-02
9.999999999999998473e-03
1.000000000000000021e-02
1.000000000000000194e-02
1.000000000000000021e-02
1.000000000000000021e-02
1.000000000000000021e-02
1.000000000000000021e-02
1.000000000000000021e-02
1.000000000000000021e-02
1.000000000000000021e-02
1.000000000000000194e-02
1.000000000000000021e-02
1.000000000000000194e-02
1.000000000000000194e-02
1.000000000000000194e-02
1.000000000000000021e-02
1.000000000000000021e-02
1.000000000000000021e-02
1.000000000000000021e-02
1.000000000000000021e-02
9.999999999999998473e-03
1.000000000000000021e-02
9.999999999999998473e-03
1.000000000000000021e-02
1.000000000000000021e-02
1.000000000000000021e-02
9.999999999999998473e-03
1.000000000000000021e-02
1.000000000000000021e-02
9.999999999999998473e-03
1.000000000000000021e-02
9.999999999999998473e-03
9.999999999999998473e-03
1.000000000000000021e-02
1.000000000000000021e-02
1.000000000000000021e-02
1.000000000000000021e-02
1.000000000000000021e-02
1.000000000000000021e-02
1.000000000000000194e-02
1.000000000000000021e-02
1.000000000000000021e-02
1.000000000000000021e-02
1.000000000000000021e-02
1.000000000000000021e-02
1.000000000000000194e-02
1.000000000000000021e-02
1.000000000000000021e-02
1.000000000000000021e-02
1.000000000000000021e-02
9.999999999999998473e-03
9.999999999999998473e-03
9.999999999999996739e-03
1.000000000000000194e-02
9.999999999999998473e-03
1.000000000000000021e-02
9.999999999999998473e-03
1.000000000000000021e-02
1.000000000000000021e-02
1.000000000000000194e-02
1.000000000000000021e-02
1.000000000000000021e-02
1.000000000000000194e-02
9.999999999999998473e-03
1.000000000000000021e-02
1.000000000000000021e-02
9.999999999999998473e-03
1.000000000000000194e-02
1.000000000000000021e-02
1.000000000000000021e-02
9.999999999999998473e-03
1.000000000000000021e-02
1.000000000000000021e-02
1.000000000000000021e-02
1.000000000000000194e-02
1.000000000000000194e-02
1.000000000000000021e-02
1.000000000000000021e-02
9.999999999999998473e-03
1.000000000000000021e-02
9.999999999999998473e-03
1.000000000000000021e-02
9.999999999999996739e-03
1.000000000000000021e-02
1.000000000000000021e-02
1.000000000000000021e-02
9.999999999999998473e-03
1.000000000000000021e-02
1.000000000000000021e-02
1.000000000000000194e-02
1.000000000000000021e-02
1.000000000000000194e-02
1.000000000000000021e-02
1.000000000000000021e-02
1.000000000000000194e-02
1.000000000000000194e-02
1.000000000000000021e-02
1.000000000000000021e-02
1.000000000000000021e-02
1.000000000000000021e-02
1.000000000000000021e-02
1.000000000000000021e-02
1.000000000000000021e-02
1.000000000000000194e-02
1.000000000000000194e-02
1.000000000000000194e-02
1.000000000000000021e-02
1.000000000000000194e-02
1.000000000000000194e-02
1.000000000000000021e-02
9.999999999999996739e-03
9.999999999999998473e-03
9.999999999999998473e-03
1.000000000000000021e-02
1.000000000000000021e-02
9.999999999999998473e-03
9.999999999999998473e-03
1.000000000000000021e-02
1.000000000000000194e-02
1.000000000000000194e-02
1.000000000000000021e-02
9.999999999999998473e-03
1.000000000000000021e-02
1.000000000000000021e-02
1.000000000000000194e-02
1.000000000000000021e-02
1.000000000000000194e-02
9.999999999999996739e-03
