5.909001375093296815e+00
5.854328307321581271e+00
5.800704624877145221e+00
5.747908443314664773e+00
5.695542523804856039e+00
5.643408957801260506e+00
5.591432008453021574e+00
5.539590061824428702e+00
5.487886676452542467e+00
5.436336781160544085e+00
7.729646358407840978e+00
7.707614255195560204e+00
7.683518518994644886e+00
7.658246500616830765e+00
7.632126716722773097e+00
8.396389628706467434e+00
8.383595258879845247e+00
8.369704349754094608e+00
8.724460999855629950e+00
8.721178362330171296e+00
8.712593009913687681e+00
8.701925448335785518e+00
8.690264649853949308e+00
8.677991347052609328e+00
8.665179105877514942e+00
8.651845470102509594e+00
8.637976964488506937e+00
8.623547094139341951e+00
8.919212729312674171e+00
9.089408338824117806e+00
9.084096480341006696e+00
9.076339471825304983e+00
9.191344815118455358e+00
9.213373730298654252e+00
9.216251950434045881e+00
9.212409247232123732e+00
9.206042503978649094e+00
9.198576217559599755e+00
9.190487298695201090e+00
9.181923089449673725e+00
9.172913770450753290e+00
9.163445835614506763e+00
9.153488556313059021e+00
9.143003150120554423e+00
9.131945962555063190e+00
9.120269447905860360e+00
9.107869919595078301e+00
9.282476211228592788e+00
9.275125014471081286e+00
9.267433589928501192e+00
9.259370888599304905e+00
9.250903114595500298e+00
9.241993894797763787e+00
9.232603973445243639e+00
9.222649033040275057e+00
9.212117854376561610e+00
9.201012088983457460e+00
9.189237455706175339e+00
9.176738744168819295e+00
9.163457021091494070e+00
9.149329685913031085e+00
9.134213171035730383e+00
9.118184098939279281e+00
9.101097101905104125e+00
9.082873260456246101e+00
9.063429292674591409e+00
9.042678197920196226e+00
9.020528340589439864e+00
8.996751256246986017e+00
8.971354469240505836e+00
8.944393711129210445e+00
8.915625410124137673e+00
9.299079961186327736e+00
9.292090995025434452e+00
9.284746639410599300e+00
9.277016376751653581e+00
9.268827884761897451e+00
9.260178929195898689e+00
9.251077787444687672e+00
9.241445516679007710e+00
9.231240165557096589e+00
9.220416952467861194e+00
9.208928525785344377e+00
9.196724813922964259e+00
9.183753040068520335e+00
9.169957347472713849e+00
9.155279092296616739e+00
9.139656750410122044e+00
9.123025419588177698e+00
9.105317691582074602e+00
9.086462760689183682e+00
9.066385902534793928e+00
9.044875875211928928e+00
9.021966319881459029e+00
8.997734246663485536e+00
8.971956541218299108e+00
8.944545867255289551e+00
8.915411715049417651e+00
8.884463705741003636e+00
8.851607783081620440e+00
8.816750074853748842e+00
8.779794505790258441e+00
8.740644793099001220e+00
8.699204308392411988e+00
8.655377444722933689e+00
8.608735424290708593e+00
8.559832605406315409e+00
8.507886816726538015e+00
9.297669547900081710e+00
9.290947901190405034e+00
9.283890822858069214e+00
9.276433480966305822e+00
9.268547728655200046e+00
9.260148960128550044e+00
9.251312542020103891e+00
9.241954791439356498e+00
9.231973568333323499e+00
9.221391779385337273e+00
9.210249795594558364e+00
9.198441143182403579e+00
9.185925639695488698e+00
9.172661610302462520e+00
9.158502230080198814e+00
9.365702324794519029e+00
9.360753704620197624e+00
9.355535218553791665e+00
9.427036658112966094e+00
9.422352974257615088e+00
9.417410046473625229e+00
9.412154339323569374e+00
9.406626957041098080e+00
9.400736409217627099e+00
9.394531152114687700e+00
9.387950036560443579e+00
9.380965611003041715e+00
9.469844186657283558e+00
9.465193502291919359e+00
9.460273557233650266e+00
9.455062665826627466e+00
9.449537491682344026e+00
9.443673709896870605e+00
9.437445334028069510e+00
9.430824650982078339e+00
9.423782423242595740e+00
9.416287818096279238e+00
9.408308119504710021e+00
9.399808891725637494e+00
9.390753757047939132e+00
9.381104611210835387e+00
9.502007300390573619e+00
9.497462211539378529e+00
9.492641477073261669e+00
9.487523213426417357e+00
9.482084085661439232e+00
9.540868205373136846e+00
9.536354700675795826e+00
9.531560808131265716e+00
9.526463501030836056e+00
9.521038103434911193e+00
9.515258242552372181e+00
9.509095996117027383e+00
9.502521571422793301e+00
9.495503203308757634e+00
9.488007164370777957e+00
9.479997939117499328e+00
9.471437638804545145e+00
9.462286217244271214e+00
9.452501311419988284e+00
9.442038174214715696e+00
9.430849499153879378e+00
9.418885381685713654e+00
9.406093283906853841e+00
9.561265488531036638e+00
9.556789581879963080e+00
9.552022816690246998e+00
9.546942153543509946e+00
9.541523171005136916e+00
9.535740087072996474e+00
9.529565167059335096e+00
9.522969087706085745e+00
9.515920736808759273e+00
9.508387265228680718e+00
9.500333769804598205e+00
9.491723313741294632e+00
9.482516839790434915e+00
9.472673302420220764e+00
9.462149137334151305e+00
9.450898627871788804e+00
9.438873420181002061e+00
9.426022621035514248e+00
9.581855053052500182e+00
9.577469340356273619e+00
9.572790267268446840e+00
9.567795471935204077e+00
9.562461383478089161e+00
9.556762949502411786e+00
9.550673746740825365e+00
9.544165411628270590e+00
9.537208099989465282e+00
9.529770251810544934e+00
9.521818451231968794e+00
9.513317418700346195e+00
9.504158688489726003e+00
9.607906491422772532e+00
9.637244984310973095e+00
9.633264059424803349e+00
9.629009190611077074e+00
9.624458448304885394e+00
9.619588265864516430e+00
9.614373448855943138e+00
9.608787423391168758e+00
9.658352112129223954e+00
9.654302527400631107e+00
9.649968429659498526e+00
9.645326489098634326e+00
9.640351809941154926e+00
9.679224733668048586e+00
9.702218796333667683e+00
9.698071518570591465e+00
9.693625388737475035e+00
9.688853920573887279e+00
9.720464850029308934e+00
9.716191951551744310e+00
9.711606334302764765e+00
9.706679542267814043e+00
9.701381219535864631e+00
9.695678240454990160e+00
9.736587224492550874e+00
9.732278452672201041e+00
9.727650043657824597e+00
9.722672458176075949e+00
9.717314147945424807e+00
9.711540691622541743e+00
9.751602559249905156e+00
9.747264920991620230e+00
9.742601609316411171e+00
9.737582137909924995e+00
9.732173706850149486e+00
9.726340587147426220e+00
9.720044329500383995e+00
9.713243530358758093e+00
9.705893265035186346e+00
9.697944906706764456e+00
9.689346403220223891e+00
9.680041530732763633e+00
9.669969794932251617e+00
9.659066114132155434e+00
9.647260964147156059e+00
9.634479372680576859e+00
9.620641131843852278e+00
9.754962963310124024e+00
9.750500782713196202e+00
9.745693672760983972e+00
9.740510408546118271e+00
9.734917128178043555e+00
9.728877322012907669e+00
9.722351844550335187e+00
9.769946206601087368e+00
9.765730561794484288e+00
9.785603622670222990e+00
9.781398416934212747e+00
9.776866939074146501e+00
9.771978329389984452e+00
9.766699029052320569e+00
9.760992703842276796e+00
9.754819867649757725e+00
9.748138004543406510e+00
9.794162305545366820e+00
9.789835325191328153e+00
9.808620338470229072e+00
9.804317985287728021e+00
9.799675894172892754e+00
9.794660928676290013e+00
9.789237036943232440e+00
9.783330076620847748e+00
9.776964063741637290e+00
9.770060867219241274e+00
9.762524716445465600e+00
9.754387478452681393e+00
9.745549293817939329e+00
9.735945856191266401e+00
9.725508072199875897e+00
9.714161273959758702e+00
9.701824773986274408e+00
9.688411634081427692e+00
9.673828243106653346e+00
9.657974002359695831e+00
9.640740679413392300e+00
9.622012078166143567e+00
9.601664639400198098e+00
9.579423383717500684e+00
9.555418577249543688e+00
9.800670272068947142e+00
9.795927632716011857e+00
9.790795410174611746e+00
9.785237469035140023e+00
9.816982658154019603e+00
9.812753752865852164e+00
9.808178860026615098e+00
9.803224779997151472e+00
9.797888232817923537e+00
9.792103374523884796e+00
9.785789261108890358e+00
9.823795509693107775e+00
9.819444936596916307e+00
9.814734104367563106e+00
9.809628231603563009e+00
9.804089478097594679e+00
9.798076691129303128e+00
9.791545146586329906e+00
9.784489607686493784e+00
9.776768924427429397e+00
9.768429030042586447e+00
9.759360128361842968e+00
9.749496543666319681e+00
9.738767297768976761e+00
9.727095834850347345e+00
9.714399430452539619e+00
9.700588983178398905e+00
9.685568637070712583e+00
9.669235436994890520e+00
9.651479154570221652e+00
9.632180726970013040e+00
9.611077984464969859e+00
9.588296027133784705e+00
9.563565314928682781e+00
9.536733193226647032e+00
9.507446732754136320e+00
9.475691840712439529e+00
9.441283644963897714e+00
9.814081089210183961e+00
9.832183833002615003e+00
9.828140259766112052e+00
9.823759612976932232e+00
9.839967685336135972e+00
9.850497692154505103e+00
9.846400240453588637e+00
9.858380914988472909e+00
9.854148829386046415e+00
9.849559242406103365e+00
9.844576516260184817e+00
9.839161678083799600e+00
9.833272327128105061e+00
9.826862023808256907e+00
9.862596141736416300e+00
9.858246816879265850e+00
9.853526336432064880e+00
9.848397486845493987e+00
9.842819718529799644e+00
9.836748582550036701e+00
9.830135650830641225e+00
9.822928248587354361e+00
9.815068920189769841e+00
9.806494928762255370e+00
9.797138118839058052e+00
9.786924414555874918e+00
9.775773336199780061e+00
9.763597731728003382e+00
9.750302933191500543e+00
9.735786507976191828e+00
9.719840099746969386e+00
9.702423279005596868e+00
9.683521913226545763e+00
9.857861506038123167e+00
9.853331280192170638e+00
9.848406922591804502e+00
9.843049935779101034e+00
9.837218430267691716e+00
9.867170048672591065e+00
9.862980406631347563e+00
9.875083488524930786e+00
9.870923919688095793e+00
9.866404737891778964e+00
9.861489768609235540e+00
9.856139194917718171e+00
9.879930332393819015e+00
9.875683021673122397e+00
9.871089804389065137e+00
9.866092111626326044e+00
9.860648757765876127e+00
9.854715110350335650e+00
9.848242172333272038e+00
9.841176497025184489e+00
9.833459725436762611e+00
9.825028064134302852e+00
9.815811997108388809e+00
9.805735988848578444e+00
9.794717685789610329e+00
9.782667695628784799e+00
9.769488658760540289e+00
9.755075120718352366e+00
9.739312799239316476e+00
9.722078199908185780e+00
9.703237778206911912e+00
9.682647634602767894e+00
9.660152416487120419e+00
9.635586390016667835e+00
9.608771220042896744e+00
9.579515234232271581e+00
9.547615930925388739e+00
9.512856862429032390e+00
9.475008871539300159e+00
9.433830013939815018e+00
9.389065345399119522e+00
9.340449236139257039e+00
9.287703853729146530e+00
9.230541391579819788e+00
9.168666494036560977e+00
9.101776448824329790e+00
9.029564968490301879e+00
9.851691903037460563e+00
9.845848388317049782e+00
9.839475072793606003e+00
9.832522024493849599e+00
9.824934568560763637e+00
9.816653408944143067e+00
9.807614159361021322e+00
9.797747049439035294e+00
9.786976518386737212e+00
9.775220544122539934e+00
9.871046049615085138e+00
9.866893715171316970e+00
9.862371869379375156e+00
9.878014895981102939e+00
9.874049748969335738e+00
9.869732023337034477e+00
9.865027252120057710e+00
9.859897778309404615e+00
9.854302599392219975e+00
9.848196945821960924e+00
9.841532164379225733e+00
9.834255234425047121e+00
9.826308382284981491e+00
9.817629010087898678e+00
9.808149020262009188e+00
9.797794592612936171e+00
9.786485627984939484e+00
9.774135592311701259e+00
9.760650565841762827e+00
9.745929176719062781e+00
9.729862160906858293e+00
9.712331617229946090e+00
9.693210767493546598e+00
9.672362705447110187e+00
9.649642367346700667e+00
9.869755576266653563e+00
9.865259667086908379e+00
9.860357828054809204e+00
9.855011869385991830e+00
9.879513230431951953e+00
9.875587037033231042e+00
9.871307911573284244e+00
9.866641718729107779e+00
9.861551453435092540e+00
9.855996702595538395e+00
9.849933457028186012e+00
9.843313899847997206e+00
9.836085979658802714e+00
9.828193020876272001e+00
9.819573715823114668e+00
9.810161407628649854e+00
9.799883908637104568e+00
9.788662979750972326e+00
9.776414070968881376e+00
9.763045696045050903e+00
9.748459066939600959e+00
9.732547762091014576e+00
9.715197145621727870e+00
9.696161691855659015e+00
9.675408940132200541e+00
9.652940179644623697e+00
9.628480754630555083e+00
9.601869555842982962e+00
9.572934065765322131e+00
9.541491086253163445e+00
9.507346985705042997e+00
9.470297646654444179e+00
9.430127847653864137e+00
9.386611339708913704e+00
9.339513341252821732e+00
9.288589814962104896e+00
9.233588234614870771e+00
9.173858287511251319e+00
9.109885213008686478e+00
9.041040311099800775e+00
8.967055259569431058e+00
8.887662215446242797e+00
8.802597216775627231e+00
8.711608479478863742e+00
8.614454978765191839e+00
8.510914684450799683e+00
8.400784399876565445e+00
8.283887468375681351e+00
8.160083117596935054e+00
8.029267475932361009e+00
7.891380648716492807e+00
9.823480935747568310e+00
9.815010046021331647e+00
9.876491555514737897e+00
9.872672817560420810e+00
9.868511370337310851e+00
9.863976150658951170e+00
9.859033744151039613e+00
9.853647474353596891e+00
9.847777923722278004e+00
9.841382528326125367e+00
9.834366934989336784e+00
9.826720410143693130e+00
9.818444306968485691e+00
9.809432477873999190e+00
9.799621869664383311e+00
9.788944336706354221e+00
9.777326605716590180e+00
9.764689780822719101e+00
9.750948901450703588e+00
9.736012835126553355e+00
9.719672986121381086e+00
9.701916079411574856e+00
9.682627703695631638e+00
9.661827312903938036e+00
9.639267507177855521e+00
9.872775592345657714e+00
9.868625351259018075e+00
9.864105586868816999e+00
9.859184053817152460e+00
9.853787583198689859e+00
9.847909488121716848e+00
9.841552710916429803e+00
9.834635095424170359e+00
9.827108722251887585e+00
9.818921918401070315e+00
9.810019044892667850e+00
9.800339978853489953e+00
9.789820129854437170e+00
9.778389987654971804e+00
9.765974833209048356e+00
9.752493915276804870e+00
9.737760183130626856e+00
9.721765538805978935e+00
9.704409341629324004e+00
9.685584021775319741e+00
9.665174592234212270e+00
9.643058724178393604e+00
9.619272764950194343e+00
9.593539832221027908e+00
9.565716601469176794e+00
9.535652887996604932e+00
9.503189066965948228e+00
9.870117995098457442e+00
9.865724807912362948e+00
9.860912841998118239e+00
9.855716512317826528e+00
9.880965167769208080e+00
9.877331594435379003e+00
9.873374356131954244e+00
9.869096545771881779e+00
9.882701577429866546e+00
9.879076690733439747e+00
9.875128349885308410e+00
9.870828242779046136e+00
9.866145908745819426e+00
9.861048095078757569e+00
9.855498979695310524e+00
9.884173585021390096e+00
9.880539599831271502e+00
9.876579655907951505e+00
9.872264964249479746e+00
9.885688195143291779e+00
9.882035577621268274e+00
9.878052717460160892e+00
9.873709934226926777e+00
9.887509850225784547e+00
9.883874759769991414e+00
9.879908408484732618e+00
9.875580815791513700e+00
9.870859656597501086e+00
9.865709721136129318e+00
9.860092658815647226e+00
9.853967480963126135e+00
9.847289169879802628e+00
9.839958776765783455e+00
9.831965345172314130e+00
9.823310675943780268e+00
9.813883196373680562e+00
9.803616771989341672e+00
9.885989949732005400e+00
9.882134526127085650e+00
9.877955337585383688e+00
9.873396490688852722e+00
9.868424142610773941e+00
9.863001595324277559e+00
9.857047790105280427e+00
9.850553692197753008e+00
9.888259323003978807e+00
9.884547370053155646e+00
9.880496455254597521e+00
9.889957622266486226e+00
9.886274589738436092e+00
9.882252513128882754e+00
9.891632268406977957e+00
9.887954386067759671e+00
9.883933057911983511e+00
9.879566341898426529e+00
9.874795056695312212e+00
9.869582220623502877e+00
9.863887532009844250e+00
9.857667348120260797e+00
9.850874217012695055e+00
9.843456709289883477e+00
9.835358996640664486e+00
9.826520809490304487e+00
9.816876814173673083e+00
9.890412642715604719e+00
9.886625041488208865e+00
9.882486336566373097e+00
9.877964162963078110e+00
9.873023642027609625e+00
9.867626571080808873e+00
9.861731706481863924e+00
9.855294218752638002e+00
9.848265340210849317e+00
9.891734714487791180e+00
9.888020958522053760e+00
9.883962135661503723e+00
9.879526354697091506e+00
9.874679176817346971e+00
9.869383071543564867e+00
9.863597209504284535e+00
9.892687972017002451e+00
9.894483603358006363e+00
9.890851625944879544e+00
9.886878121130056485e+00
9.882531022514465135e+00
9.877775266733953785e+00
9.872572798102284608e+00
9.866882066723601241e+00
9.860658061831525600e+00
9.853852000512725695e+00
9.846410446635267988e+00
9.838275612552203953e+00
9.829384831174987625e+00
9.819670152581474909e+00
9.809058023075618138e+00
9.797468838539385771e+00
9.784816494833679101e+00
9.771008025140611508e+00
9.755943199609594885e+00
9.739513671916853355e+00
9.889974071569401559e+00
9.885977159462321140e+00
9.881606166683232217e+00
9.876826548673694361e+00
9.871600766065652621e+00
9.893378668364471551e+00
9.889648795280262306e+00
9.885568036010569770e+00
9.881103529985837852e+00
9.876219738205385568e+00
9.870877809636096956e+00
9.865035455831721478e+00
9.858647059448413685e+00
9.851662713950531725e+00
9.844028401706909293e+00
9.835685349771592811e+00
9.826569803359364030e+00
9.816613074259647576e+00
9.805740471841577488e+00
9.793871260965678616e+00
9.780918385367147749e+00
9.766787977038768886e+00
9.751378233839190557e+00
9.734580438895982013e+00
9.716276900551275020e+00
9.696342160420675427e+00
9.674640973588346071e+00
9.651028513935676401e+00
9.625350884586268307e+00
9.597444471686660705e+00
9.567133601416150768e+00
9.534234012874847508e+00
9.498549922846809324e+00
9.459875251618871772e+00
9.417992858199474071e+00
9.372677045464685719e+00
9.880952717550071540e+00
9.893968506378021388e+00
9.890362239798660582e+00
9.886419166385445934e+00
9.882108310611071644e+00
9.877396192989715829e+00
9.872246364848631828e+00
9.866619150871175137e+00
9.860471659702207958e+00
9.853757296564820578e+00
9.846425413946725769e+00
9.838421240282958280e+00
9.829685226481526428e+00
9.820153263513830666e+00
9.809755901002665368e+00
9.798418125189517269e+00
9.786058911899001345e+00
9.772591089401508668e+00
9.890615841761571048e+00
9.886720170401535057e+00
9.882462849714636732e+00
9.877811251792575575e+00
9.872729882081790365e+00
9.867180166863706248e+00
9.861120344915317304e+00
9.854505149069527903e+00
9.847285302065110102e+00
9.839407495077669097e+00
9.830814136472881160e+00
9.821442939077304146e+00
9.811226565262918697e+00
9.800092292259696691e+00
9.787961644278139417e+00
9.774750204204178061e+00
9.760366444521222817e+00
9.744712893702075718e+00
9.727683779837152045e+00
9.889903875748201401e+00
9.885969723573980517e+00
9.881673531883450323e+00
9.876983108455885230e+00
9.893304287607490366e+00
9.889670069823161214e+00
9.894531667438711153e+00
9.890993050637423067e+00
9.887123010340781448e+00
9.882891162748032698e+00
9.878264680162152089e+00
9.873207767702128379e+00
9.867681406542828881e+00
9.893496650682042315e+00
9.889860045540311617e+00
9.885881694627594030e+00
9.881530143894909912e+00
9.876771305327698869e+00
9.871568140345058140e+00
9.865880232580604314e+00
9.859663938261313376e+00
9.893195731000036020e+00
9.889538662754670639e+00
9.885537000913826589e+00
9.881158936709072194e+00
9.876369994764369054e+00
9.893914602283821580e+00
9.893755186656479239e+00
9.890134432752670790e+00
9.886167738176329323e+00
9.881822559084069368e+00
9.877063431576692309e+00
9.871851805266288693e+00
9.866145635751323084e+00
9.859899241874549247e+00
9.853062953735149065e+00
9.845582534989970824e+00
9.892632565920740362e+00
9.888933695884277952e+00
9.884881197939343167e+00
9.893462204558741035e+00
9.889839916610702275e+00
9.885869079150422678e+00
9.881516614147537680e+00
9.876746384541560175e+00
9.871519208166061432e+00
9.865792055900902469e+00
9.859518368510920894e+00
9.852647406804811325e+00
9.845123716349904797e+00
9.892045000318079317e+00
9.893110629826797009e+00
9.889479442484937266e+00
9.885496052781290288e+00
9.893108596582850467e+00
9.889473324521199871e+00
9.885483590779813312e+00
9.881105070883617003e+00
9.876300169206679413e+00
9.871028029900211109e+00
9.865243694812853903e+00
9.858898442097917325e+00
9.851939082623378141e+00
9.891788404004522306e+00
9.888066324585281563e+00
9.883980818895119924e+00
9.892328357855999954e+00
9.888657787461875515e+00
9.884627041581650175e+00
9.880200926638217140e+00
9.891699526557607314e+00
9.887970059321402161e+00
9.883873171234400345e+00
9.879372712819488811e+00
9.874397004491532570e+00
9.891561776088073188e+00
9.887832748107037162e+00
9.883735122774741200e+00
9.879232396457481968e+00
9.874284448955313209e+00
9.868847725851226826e+00
9.891093701456627585e+00
9.887343107340241133e+00
9.883220846509505719e+00
9.878689866207441383e+00
9.873709587701752000e+00
9.868235741862397603e+00
9.862219636164054393e+00
9.855608280682345068e+00
9.848343686142781550e+00
9.840362339129416824e+00
9.889955059338134902e+00
9.886161164152348135e+00
9.881990952704176934e+00
9.877406882273302102e+00
9.872367967451609161e+00
9.866829374382598772e+00
9.860741935908171385e+00
9.889991141902958915e+00
9.886242985245521808e+00
9.882122175398011521e+00
9.877591540019549754e+00
9.872610291352710732e+00
9.867133960849320928e+00
9.861113520706380697e+00
9.854495746732652606e+00
9.847222232863581226e+00
9.839229137031926697e+00
9.830446795154459849e+00
9.820799256095771312e+00
9.810203723157185252e+00
9.798570144624264344e+00
9.785720328120024902e+00
9.771612045025500848e+00
9.756127378128711669e+00
9.739138438579530543e+00
9.720506714131516901e+00
9.700082432291894818e+00
9.677703929564636098e+00
9.653197032169806846e+00
9.626374482568484936e+00
9.597035447520612550e+00
9.564965114749307773e+00
9.529934306889845885e+00
9.880367576478736424e+00
9.875862130870338262e+00
9.870912351191545753e+00
9.865475118916688047e+00
9.859503105048295524e+00
9.852944759828012877e+00
9.845743936913454064e+00
9.837839102105355948e+00
9.829163361652550890e+00
9.819643676295395807e+00
9.809200838927262467e+00
9.797748270126614756e+00
9.785192431557128145e+00
9.771431537604600592e+00
9.756355198942486595e+00
9.739739297613104085e+00
9.721539404962989295e+00
9.701613410397841974e+00
9.679808048804678933e+00
9.655958387273006593e+00
9.629887253900347943e+00
9.601404791948462858e+00
9.570308028008334134e+00
9.536380606389350589e+00
9.878742379309974453e+00
9.887104588672670502e+00
9.883440282405681288e+00
9.879415135993312447e+00
9.874994113656779149e+00
9.870138919661892274e+00
9.864807779003017529e+00
9.858954983977758602e+00
9.852530717662656201e+00
9.845480650437966830e+00
9.837745371152553986e+00
9.829260261632573048e+00
9.819954981783546089e+00
9.809753002455755322e+00
9.798571191551129544e+00
9.786319202720573429e+00
9.772899116121775975e+00
9.758204542714313590e+00
9.742120746045017654e+00
9.724523600147591651e+00
9.882933036928143622e+00
9.878958215106012020e+00
9.874594648756154669e+00
9.869805030426295644e+00
9.864548916840702120e+00
9.858781748143936596e+00
9.852455248660783482e+00
9.845516719885761603e+00
9.837908627977093090e+00
9.829568407254621221e+00
9.820427997433553102e+00
9.810413409876584723e+00
9.799444327421676704e+00
9.787433488631533507e+00
9.774286372331992823e+00
9.759900627588194766e+00
9.744165426424315157e+00
9.726960824510692660e+00
9.708157955404114858e+00
9.687617687060642524e+00
9.665190813374211487e+00
9.640717049045600007e+00
9.613852283172708013e+00
9.584553526744072016e+00
9.552621242869896889e+00
9.517843226364343323e+00
9.479994347292382884e+00
9.438836910629801125e+00
9.394120559781717006e+00
9.345583096268040180e+00
9.292950746697778541e+00
9.236304467011207109e+00
9.174652824177515598e+00
9.108459602521689291e+00
9.868242994409772706e+00
9.862969523870871669e+00
9.857193117979548447e+00
9.850867462771246252e+00
9.843942024139417768e+00
9.836361835593214309e+00
9.828067197796315213e+00
9.818993299820869325e+00
9.809069833875231126e+00
9.798220614645066107e+00
9.786363058969287820e+00
9.773407802430995162e+00
9.759258283730934735e+00
9.743810279120637574e+00
9.726951260365424901e+00
9.881733216640823159e+00
9.877819525175500104e+00
9.873532203178212896e+00
9.868836659023362046e+00
9.863695334170357043e+00
9.858067121854606540e+00
9.851907529232367011e+00
9.845168142857430027e+00
9.884116259774829771e+00
9.880489648641345823e+00
9.876515666956725781e+00
9.872161963450693634e+00
9.867393316345310694e+00
9.862171478717709050e+00
9.856454844298426110e+00
9.850197986630966795e+00
9.883632828657527014e+00
9.880020046753775986e+00
9.876060481217104225e+00
9.871721776159043671e+00
9.866968703376752359e+00
9.861762948289346298e+00
9.883409944751706533e+00
9.879836794517348864e+00
9.875919287737147556e+00
9.882437954677321557e+00
9.878831162312661007e+00
9.874874655850822691e+00
9.870535412268415243e+00
9.865777436603325512e+00
9.881884728762925008e+00
9.878286028124628970e+00
9.874336942319066779e+00
9.870004040806541923e+00
9.865251053067128240e+00
9.860038507775634287e+00
9.854285013142190408e+00
9.847974573100456652e+00
9.841100876588402713e+00
9.833569794311221912e+00
9.825320625067561764e+00
9.816287475417547981e+00
9.806398427049682454e+00
9.795575950191432568e+00
9.879221033777357164e+00
9.875432269360503668e+00
9.871275967309699695e+00
9.880862331227035611e+00
9.877296327998152492e+00
9.873381917906250749e+00
9.869086073736522025e+00
9.864340876529599456e+00
9.859132539186870048e+00
9.853417181573790984e+00
9.847146924618332520e+00
9.840269601317224613e+00
9.879133677223776999e+00
9.878373627311757943e+00
9.874691597878218374e+00
9.870620125770228626e+00
9.866146166613598112e+00
9.861230973084838425e+00
