4.798791786396340575e-03
4.592696379902404952e-03
4.399868486033093468e-03
4.215819844195212857e-03
4.040939681116808256e-03
3.875527907815591502e-03
3.719679525720020943e-03
3.573363446948181130e-03
3.436458010778966569e-03
3.308766308044831708e-03
3.190026002681921411e-03
3.079918753903562473e-03
2.978080552217744325e-03
2.884112735164206728e-03
2.797591952474108145e-03
2.718080437517603198e-03
2.645134414620364458e-03
2.578311431644456520e-03
2.517176493225390960e-03
2.461306975570154085e-03
2.410296048207604715e-03
2.363755693516993335e-03
2.321318418905352846e-03
2.282638382250825639e-03
2.247391899636302145e-03
2.215277484451245917e-03
2.186015524174306744e-03
2.159347612338655738e-03
2.135035758654535865e-03
2.112861385527642095e-03
2.092624276832811409e-03
2.074141404157804711e-03
2.057245801268113572e-03
2.041785445574446651e-03
2.027622090215744789e-03
2.014630218265661514e-03
2.002695992031221575e-03
1.991716289036676250e-03
1.981597755024237448e-03
1.972255966095064206e-03
1.963614630544471048e-03
1.955604841373520444e-03
1.948164397416216748e-03
1.941237175022120232e-03
1.934772557754637582e-03
1.928724910651869818e-03
1.923053097447902050e-03
1.917720052888198957e-03
1.912692382649408595e-03
1.907940008262675379e-03
1.903435831896659828e-03
1.899155460209898862e-03
1.895076923114153138e-03
1.891180437581185380e-03
1.887448190853526029e-03
1.883864143882124599e-03
1.880413859209985978e-03
1.877084328310139275e-03
1.873863842006865408e-03
1.870741854116585385e-03
1.867708870649765649e-03
1.864756341078124477e-03
1.861876558615200043e-03
1.859062585097133371e-03
1.856308171781144087e-03
1.853607684723239651e-03
1.850956050522842809e-03
1.848348696315424465e-03
1.845781501863266987e-03
1.843250750257857196e-03
1.840753093888071890e-03
1.838285516898566316e-03
1.835845290357053950e-03
1.833429962585953572e-03
1.831037321103606364e-03
1.828665367541060455e-03
1.826312305326300992e-03
1.823976493766052941e-03
1.821656474368235287e-03
1.819350924779260291e-03
1.817058647862836813e-03
1.814778571812351339e-03
1.812509706934529920e-03
1.810251181727112659e-03
1.808002200494094160e-03
1.805762046879899954e-03
1.803530073354627297e-03
1.801305689982759303e-03
1.799088371930622054e-03
1.796877637068626261e-03
1.794673052881248744e-03
1.792474230868114837e-03
1.790280816186718684e-03
1.788092487923717512e-03
1.785908958205525889e-03
1.783729970499000131e-03
1.781555279137726593e-03
1.779384674059493292e-03
1.777217963092835723e-03
1.775054969339971440e-03
1.772895530620338493e-03
1.770739506374091436e-03
1.768586770945419209e-03
1.766437197319134815e-03
1.764290684431096389e-03
1.762147132686473936e-03
1.760006459064490788e-03
1.757868581245285297e-03
1.755733425286139411e-03
1.753600926323693439e-03
1.751471027002006421e-03
1.749343676965136500e-03
1.747218837739422355e-03
1.745096458592690749e-03
1.742976467059035575e-03
1.740858844143115943e-03
1.738743339578216083e-03
1.736630382407148123e-03
1.734519520027582532e-03
1.732410938318899776e-03
1.730304615112181459e-03
1.728200687540217516e-03
1.726098951285069726e-03
1.723999412875486768e-03
1.721902036236494038e-03
1.719806656966932834e-03
1.717713436876446747e-03
1.715622491108206816e-03
1.713533653959981159e-03
1.711446922786161434e-03
1.709362284853132262e-03
1.707279727193385718e-03
1.705199251304263764e-03
1.703120846465292848e-03
1.701044509687781427e-03
1.698970232028316650e-03
1.696898011058048644e-03
1.694827843315939095e-03
1.692759722127607554e-03
1.690693642694506178e-03
1.688629601004885700e-03
1.686567595857102518e-03
1.684507622628406099e-03
1.682449677376580098e-03
1.680393757910622144e-03
1.678339861806726072e-03
1.676287985823366562e-03
1.674238127526631601e-03
1.672190285753638898e-03
1.670144459572105557e-03
1.668100646711492135e-03
1.666058844958786525e-03
1.664019052908988910e-03
1.661981268850316667e-03
1.659945490879929713e-03
1.657911718091587472e-03
1.655879948329569678e-03
1.653850180637204525e-03
1.651822413321851193e-03
1.649796645386397568e-03
1.647772875459369967e-03
1.645751103087481678e-03
1.643731325564491653e-03
1.641713538256657067e-03
1.639697750717263383e-03
1.637683956227051988e-03
1.635672153890027581e-03
1.633662342392553680e-03
1.631654519383140623e-03
1.629648687974404909e-03
1.627644844569317616e-03
1.625642988601445557e-03
1.623643131984423308e-03
1.621645259968555915e-03
1.619649372258348411e-03
1.617655472128610257e-03
1.615663556245942357e-03
1.613673621553508679e-03
1.611685667989233225e-03
1.609699694802760057e-03
1.607715704174377891e-03
1.605733688399156502e-03
1.603753646983337427e-03
1.601775588076608187e-03
1.599799504857191482e-03
1.597825400935472089e-03
1.595853274591758344e-03
1.593883115460200794e-03
1.591914929670709385e-03
1.589948715474685022e-03
1.587984473816204988e-03
1.586022202642619564e-03
1.584062458364662645e-03
1.582104089311182991e-03
1.580147687378586838e-03
1.578193250596225065e-03
1.576240779646450934e-03
1.574290271850357220e-03
1.572341727999673018e-03
1.570395148159532640e-03
1.568450525341143946e-03
1.566507864336120224e-03
1.564567162545497676e-03
1.562628421427296639e-03
1.560691639292004001e-03
1.558756816363891318e-03
1.556823951329491459e-03
1.554893049107863726e-03
1.552964094913867991e-03
1.551037100619997479e-03
1.549112052848829755e-03
1.547188955979283053e-03
1.545267808779503997e-03
1.543348624220090923e-03
1.541431387556747336e-03
1.539516096055440833e-03
1.537602752327158363e-03
1.535691355487922788e-03
1.533781905164401018e-03
1.531874400400681487e-03
1.529968840394440059e-03
1.528065221213504654e-03
1.526163544604907047e-03
1.524263812483184558e-03
1.522366018792673621e-03
1.520470165555748909e-03
1.518576254382881727e-03
1.516684280676336470e-03
1.514794252787754350e-03
1.512906156902910646e-03
1.511019995319808941e-03
1.509135757995501859e-03
1.507253453046865713e-03
1.505373080039095098e-03
1.503494640503077410e-03
1.501618128874940370e-03
1.499743545590315977e-03
1.497870886795672155e-03
1.496000153853534447e-03
1.494131345220845505e-03
1.492264459778668787e-03
1.490399498329244730e-03
1.488536460632044383e-03
1.486675331317836900e-03
1.484816139822083946e-03
1.482958858274007136e-03
1.481103493854379590e-03
1.479250056022737543e-03
1.477398552867068308e-03
1.475548950136402419e-03
1.473701245093976802e-03
1.471855453601630644e-03
1.470011576366521584e-03
1.468169607200852603e-03
1.466329547102536175e-03
1.464491391792120505e-03
1.462655160827240402e-03
1.460820817646248278e-03
1.458988403270148216e-03
1.457157895534977711e-03
1.455329293688379169e-03
1.453502583734303912e-03
1.451677770130978262e-03
1.449854877079429687e-03
1.448033885108356662e-03
1.446214793551113195e-03
1.444397602310756000e-03
1.442582309431870080e-03
1.440768913683363383e-03
1.438957415695999581e-03
1.437147813399456461e-03
1.435340104805711212e-03
1.433534284428853714e-03
1.431730362793411830e-03
1.429928329044883803e-03
1.428128178736623238e-03
1.426329926069115324e-03
1.424533563035502732e-03
1.422739086476594887e-03
1.420946496341636599e-03
1.419155774562326456e-03
1.417366949272130285e-03
1.415580006763082549e-03
1.413794946662701472e-03
1.412011767267765507e-03
1.410230470456423114e-03
1.408451043322944858e-03
1.406673493524961561e-03
1.404897819897779447e-03
1.403124021693716869e-03
1.401352097210943962e-03
1.399582046083264501e-03
1.397813865647238706e-03
1.396047556117971855e-03
1.394283128634477703e-03
1.392520570386887417e-03
1.390759880212715091e-03
1.389001056436769488e-03
1.387244098567299438e-03
1.385489005542798807e-03
1.383735768597509942e-03
1.381984404744452527e-03
1.380234902503239391e-03
1.378487260791829826e-03
1.376741479172432321e-03
1.374997555921300945e-03
1.373255489606394581e-03
1.371515277889602405e-03
1.369776921283085043e-03
1.368040414318384993e-03
1.366305760269862207e-03
1.364572958007685645e-03
1.362842006439824762e-03
1.361112904472906553e-03
1.359385657518385939e-03
1.357660258009169701e-03
1.355936704245387344e-03
1.354214995711785661e-03
1.352495131303007312e-03
1.350777110107040510e-03
1.349060930822400944e-03
1.347346592339132955e-03
1.345634093545691008e-03
1.343923433328892206e-03
1.342214610573969850e-03
1.340507624164668848e-03
1.338802472983049692e-03
1.337099156065278552e-03
1.335397672219662850e-03
1.333698020240015091e-03
1.332000199002253979e-03
1.330304207380796815e-03
1.328610044248525017e-03
1.326917708476836816e-03
1.325227198958464289e-03
1.323538514486232668e-03
1.321851654113381271e-03
1.320166616571857160e-03
1.318483400725520543e-03
1.316802010071902026e-03
1.315122439448766171e-03
1.313444688301184261e-03
1.311768752506307315e-03
1.310094634482759229e-03
1.308422329490431741e-03
1.306751837985222972e-03
1.305083158959775749e-03
1.303416293014645483e-03
1.301751236416833889e-03
1.300087993567980611e-03
1.298426555568597080e-03
1.296766923347728549e-03
1.295109095840320940e-03
1.293453073170715327e-03
1.291798853352752645e-03
1.290146435684179100e-03
1.288495819490995424e-03
1.286847003117217456e-03
1.285199985398150120e-03
1.283554765167743087e-03
1.281911339911089454e-03
1.280269711117778490e-03
1.278629875056094519e-03
1.276991831807009880e-03
1.275355580197976837e-03
1.273721119055156153e-03
1.272088447203428363e-03
1.270457563466407874e-03
1.268828466893301204e-03
1.267201155859740179e-03
1.265575631235839977e-03
1.263951881862700622e-03
1.262329914743640829e-03
1.260709728696662304e-03
1.259091325108608380e-03
1.257474700198541037e-03
1.255859852778753874e-03
1.254246781660170928e-03
1.252635485587366313e-03
1.251025963409864916e-03
1.249418213964733054e-03
1.247812235883258292e-03
1.246208028150371525e-03
1.244605589899168765e-03
1.243004918427772013e-03
1.241406014729830006e-03
1.239808876577574862e-03
1.238213502769553364e-03
1.236619892103157838e-03
1.235028043363254171e-03
1.233437955270325504e-03
1.231849618488097681e-03
1.230263039329081111e-03
1.228678224209486672e-03
1.227095165067488853e-03
1.225513860562494001e-03
1.223934302886728375e-03
1.222356497634137854e-03
1.220780443637340925e-03
1.219206139415958401e-03
1.217633584013555264e-03
1.216062776061333861e-03
1.214493714100137612e-03
1.212926395729703802e-03
1.211360822990560334e-03
1.209796996749602088e-03
1.208234911917438785e-03
1.206674567094008499e-03
1.205115962036748100e-03
1.203559083778973221e-03
1.202003950822215332e-03
1.200450566501353247e-03
1.198898913069375207e-03
1.197348991293113122e-03
1.195800790481550344e-03
1.194254319146924662e-03
1.192709576658641541e-03
1.191166561262392478e-03
1.189625271881295182e-03
1.188085707144257396e-03
1.186547866156963029e-03
1.185011750168651077e-03
1.183477352116479907e-03
1.181944675519323515e-03
1.180413717341577363e-03
1.178884473542851684e-03
1.177356955102302647e-03
1.175831152194109974e-03
1.174307062645025320e-03
1.172784678177319706e-03
1.171264011419226227e-03
1.169745056087121522e-03
1.168227800661993067e-03
1.166712252604488846e-03
1.165198410491211003e-03
1.163686273046545157e-03
1.162175853927398944e-03
1.160667122969175633e-03
1.159160101221283316e-03
1.157654780279368609e-03
1.156151166424960195e-03
1.154649250570076403e-03
1.153149031570971979e-03
1.151650508360339007e-03
1.150153657997991276e-03
1.148658521850079092e-03
1.147165065318177203e-03
1.145673299218762445e-03
1.144183233390396858e-03
1.142694856818501437e-03
1.141208165560858101e-03
1.139723159727596205e-03
1.138239838430225295e-03
1.136758199992478607e-03
1.135278243134101158e-03
1.133799966589476866e-03
1.132323369243173764e-03
1.130848450163406821e-03
1.129375207608039437e-03
1.127903640307624609e-03
1.126433746992127260e-03
1.124965526478519757e-03
1.123498977408153446e-03
1.122034098705418891e-03
1.120570888903274108e-03
1.119109346728475651e-03
1.117649470907157525e-03
1.116191260492410730e-03
1.114734707559808524e-03
1.113279817218874174e-03
1.111826588135915840e-03
1.110375019034605089e-03
1.108925109593155703e-03
1.107476856765767523e-03
1.106030252799511393e-03
1.104585312139570860e-03
1.103142026642594262e-03
1.101700395295367781e-03
1.100260403790519941e-03
1.098822095000690858e-03
1.097385423775760560e-03
1.095950392698492480e-03
1.094517012571539225e-03
1.093085275560626551e-03
1.091655183710731926e-03
1.090226737014590979e-03
1.088799933101417417e-03
1.087374784091293088e-03
1.085951252777828981e-03
1.084529370128145672e-03
1.083109127621313542e-03
1.081690505900496794e-03
1.080273514022581528e-03
1.078858155563857833e-03
1.077444434145484204e-03
1.076032333047667773e-03
1.074621860715732841e-03
1.073213021326400226e-03
1.071805799486445472e-03
1.070400201429571371e-03
1.068996236809601668e-03
1.067593885367859683e-03
1.066193153940641269e-03
1.064794147953835798e-03
1.063396653973779299e-03
1.062000778711321130e-03
1.060606516399050002e-03
1.059213864103913244e-03
1.057822828809198935e-03
1.056433385216531485e-03
1.055045553520583216e-03
1.053659346240946480e-03
1.052274735850427644e-03
1.050891721219983669e-03
1.049510318454414991e-03
1.048130510569686988e-03
1.046752312807313441e-03
1.045375719594737610e-03
1.044000719087002406e-03
1.042627323374275454e-03
1.041255523390324615e-03
1.039885314122251155e-03
1.038516704479002439e-03
1.037149687816399336e-03
1.035784262740848272e-03
1.034420424247442820e-03
1.033058176655197525e-03
1.031697516357302441e-03
1.030338442256247900e-03
1.028980955044136525e-03
1.027625049801369952e-03
1.026270726874353809e-03
1.024917985328899824e-03
1.023566823491352425e-03
1.022217236788732029e-03
1.020869231757015041e-03
1.019522797161943580e-03
1.018177942298434044e-03
1.016834652366690496e-03
1.015492942003508835e-03
1.014152800668715725e-03
1.012814230498524683e-03
1.011477227447496376e-03
1.010141790956334924e-03
1.008807944629916842e-03
1.007475641558504102e-03
1.006144920563195166e-03
1.004815734243954964e-03
1.003488105948229002e-03
1.002162034523704877e-03
1.000837527766193892e-03
9.995145944525988656e-04
9.981932035983138562e-04
9.968733724377188028e-04
9.955550991063142653e-04
9.942383697046455228e-04
9.929231878621127411e-04
9.916095516504009905e-04
9.902974625237764492e-04
9.889869206296626400e-04
9.876779290262363217e-04
9.863704733433708779e-04
9.850645643727183858e-04
9.837601940544337363e-04
9.824573620452752183e-04
9.811560675442860917e-04
9.798563081537209427e-04
9.785580807231992074e-04
9.772613872370964402e-04
9.759662260771213111e-04
9.746725959247861835e-04
9.733804954824988153e-04
9.720899233946269117e-04
9.708008779356168535e-04
9.695133582247513751e-04
9.682273629518219158e-04
9.669428919140358319e-04
9.656599416887951979e-04
9.643785121042845439e-04
9.630986039875211440e-04
9.618202138752623932e-04
9.605433406654933278e-04
9.592679793887509557e-04
9.579941320573528898e-04
9.567217973562815907e-04
9.554509786035511078e-04
9.541816643730263378e-04
9.529138586936102516e-04
9.516475623200413517e-04
9.503827711128471278e-04
9.491194846004308598e-04
9.478577014785842872e-04
9.465974204160695557e-04
9.453386395863323495e-04
9.440813585345997306e-04
9.428255766079500803e-04
9.415712912564524291e-04
9.403185028956719286e-04
9.390672050990852031e-04
9.378174019205546413e-04
9.365690908464235345e-04
9.353222678481629615e-04
9.340769337914228134e-04
9.328330871390071556e-04
9.315907265606831892e-04
9.303498507846136778e-04
9.291104606943058645e-04
9.278725506038295072e-04
9.266361218599628718e-04
9.254011721053238739e-04
9.241677041052245812e-04
9.229357100089015517e-04
9.217051915535803830e-04
9.204761474453577227e-04
9.192485771596046193e-04
9.180224785820610255e-04
9.167978502273202001e-04
9.155746897920961089e-04
9.143529969912932371e-04
9.131327706565624215e-04
9.119140092959271979e-04
9.106967115064866589e-04
9.094808766413450731e-04
9.082665022158119272e-04
9.070535874864253971e-04
9.058421317450604093e-04
9.046321337679264721e-04
9.034235920644418391e-04
9.022165042691941738e-04
9.010108676040794488e-04
8.998066835487055501e-04
8.986039495102310631e-04
8.974026664505632992e-04
8.962028316787267780e-04
8.950044429849610215e-04
8.938074972397047494e-04
8.926119953661924324e-04
8.914179358659396826e-04
8.902253203633090370e-04
8.890341452034400101e-04
8.878444053020048948e-04
8.866561034812042805e-04
8.854692381537861362e-04
8.842838073390116467e-04
8.830998097363260959e-04
8.819172436520303750e-04
8.807361085765050106e-04
8.795564026562094611e-04
8.783781244919035194e-04
8.772012749628221298e-04
8.760258488186992501e-04
8.748518460017663118e-04
8.736792681715804636e-04
8.725081153094762978e-04
8.713383775893195505e-04
8.701700579971073050e-04
8.690031597151011986e-04
8.678376750108969962e-04
8.666735986636140039e-04
8.655109357064743247e-04
8.643496852409436734e-04
8.631898412238642139e-04
8.620314068588716535e-04
8.608743808339428026e-04
8.597187618200537477e-04
8.585645485591575452e-04
8.574117405345669162e-04
8.562603355348980070e-04
8.551103322535677205e-04
8.539617295545437079e-04
8.528145258190515188e-04
8.516687197792893174e-04
8.505243100460561749e-04
8.493812953033663595e-04
8.482396742751449224e-04
8.470994456242706945e-04
8.459606107138972981e-04
8.448231656864658209e-04
8.436871089813420457e-04
8.425524389363066736e-04
8.414191538647304612e-04
8.402872384971477038e-04
8.391567332037044294e-04
8.380276078577380801e-04
8.368998733095103174e-04
8.357735137034487524e-04
8.346485232919116561e-04
8.335249077829020008e-04
8.324026665908711414e-04
8.312818006860137054e-04
8.301623101697595168e-04
8.290441867719908035e-04
8.279274332905386512e-04
8.268120483826007800e-04
8.256980272174291920e-04
8.245853721043660579e-04
8.234740788531750037e-04
8.223641514007004778e-04
8.212555858742238198e-04
8.201483796530530633e-04
8.190425343208512050e-04
8.179380643831130320e-04
8.168349444733240998e-04
8.157331745773020682e-04
8.146327657212064149e-04
8.135337142667409868e-04
8.124359949949581938e-04
8.113396355917242226e-04
8.102446303358770306e-04
8.091509609756857620e-04
8.080586368724542497e-04
8.069676693117415695e-04
8.058780431534391534e-04
8.047897589301542714e-04
8.037028255726771670e-04
8.026172366486892954e-04
8.015333944485733032e-04
8.004504763339788474e-04
7.993688910254889137e-04
7.982886388628424815e-04
7.972097201207337721e-04
7.961321323284684549e-04
7.950558746715698970e-04
7.939809482526866699e-04
7.929073499905307278e-04
7.918350773339430252e-04
7.907641306417156598e-04
7.896945068584916658e-04
7.886262066012294592e-04
7.875592276853718172e-04
7.864935650821953169e-04
7.854292206920623128e-04
7.843661939814613104e-04
7.833044834797181413e-04
7.822440879890284714e-04
7.811850075572099534e-04
7.801272394981923625e-04
7.790707826544983729e-04
7.780156348220588092e-04
7.769617967003662187e-04
7.759092668583559161e-04
7.748580420342008951e-04
7.738081210628775658e-04
7.727595035615950157e-04
7.717121891026497990e-04
7.706661755997342269e-04
7.696214616331971186e-04
7.685780470074881927e-04
7.675359282000293864e-04
7.664951051311654504e-04
7.654555764618939081e-04
7.644173410140478204e-04
7.633803990042544677e-04
7.623447453790267074e-04
7.613103814799771244e-04
7.602773056636746678e-04
7.592455191973416671e-04
7.582150149308621197e-04
7.571857947157996328e-04
7.561578614008610455e-04
7.551312073449464738e-04
7.541058332912946131e-04
7.530817381302864480e-04
7.520589206042302194e-04
7.510373780535507847e-04
7.500171170544235122e-04
7.489981239177586096e-04
7.479804081912546461e-04
7.469639745828279701e-04
7.459487981826427774e-04
7.449348802536532189e-04
7.439222406451684484e-04
7.429108678439175521e-04
7.419007553504881934e-04
7.408919132179097450e-04
7.398844771914618069e-04
7.388781331170168627e-04
7.378730609135278036e-04
7.368692476704317117e-04
7.358666902480952851e-04
7.348653909428621948e-04
7.338653461848241829e-04
7.328665607661783788e-04
7.318690310885837564e-04
7.308727454914597200e-04
7.298777119753059464e-04
7.288839243560852124e-04
7.278913862200221511e-04
7.269000912750904009e-04
7.259100412822355177e-04
7.249212310373021441e-04
7.239336607223049481e-04
7.229473317153530367e-04
7.219622416994206067e-04
7.209783896327208843e-04
7.199957741470730185e-04
7.190143940633705009e-04
7.180342462722228737e-04
7.170553318055332154e-04
7.160776501158093530e-04
7.151011978598112136e-04
7.141259758922546179e-04
7.131519813610577140e-04
7.121792132173199522e-04
7.112076700338482247e-04
7.102373514868451192e-04
7.092682556961371013e-04
7.083003813393180109e-04
7.073337270695057152e-04
7.063682917439257540e-04
7.054040734494760722e-04
7.044410721145160596e-04
7.034792850276680443e-04
7.025187126496060600e-04
7.015593528825811572e-04
7.006012044410969957e-04
6.996442660662085871e-04
6.986885355945140954e-04
6.977340134528073204e-04
6.967806975848812780e-04
6.958285867346204225e-04
6.948776798828538949e-04
6.939279754945686931e-04
6.929794729870658891e-04
6.920321692031103757e-04
6.910860651702736271e-04
6.901411596666090541e-04
6.891974548040681126e-04
6.882549346602124130e-04
6.873136184524735294e-04
6.863734945657970574e-04
6.854345624318277383e-04
6.844968200618153703e-04
6.835602667336286142e-04
6.826249025100679293e-04
6.816907245810950892e-04
6.807577328457030006e-04
6.798259246180608307e-04
6.788953025635226278e-04
6.779658486410392688e-04
6.770375755533870844e-04
6.761104809541914609e-04
6.751845644423753318e-04
6.742598270618516999e-04
6.733362723291770775e-04
6.724138873821429874e-04
6.714926763184831922e-04
6.705726348124548030e-04
6.696537642691491408e-04
6.687360634178614186e-04
6.678195297256426339e-04
6.669041610110428876e-04
6.659899628594361399e-04
6.650769248996862577e-04
6.641650515452610960e-04
6.632543418743176494e-04
6.623447913008807635e-04
6.614363977702115722e-04
6.605291607101198854e-04
6.596230788818591845e-04
6.587181519585237578e-04
6.578143789894348335e-04
6.569117588680603364e-04
6.560102920602935411e-04
6.551099755464262660e-04
6.542108068117133716e-04
6.533127882027716824e-04
6.524159153513025070e-04
6.515201863589628172e-04
6.506256016534744903e-04
6.497321600254540213e-04
6.488398606148784199e-04
6.479487023417215353e-04
6.470586833232433097e-04
6.461698034740094793e-04
6.452820622261910572e-04
6.443954548098578244e-04
6.435099826711106153e-04
6.426256427308353180e-04
6.417424357858271793e-04
6.408603597884425691e-04
6.399794121258188702e-04
6.390995944462700548e-04
6.382209041023187250e-04
6.373433427483985239e-04
6.364669042468599266e-04
6.355915877896725326e-04
6.347173933491846330e-04
6.338443238780685140e-04
6.329723716155704390e-04
6.321015398223687022e-04
6.312318234694550608e-04
6.303632231234620846e-04
6.294957400152945831e-04
6.286293706080796134e-04
6.277641120105699295e-04
6.268999642292194616e-04
6.260369251861400012e-04
6.251749988218686807e-04
6.243141782360562848e-04
6.234544635450223107e-04
6.225958531630218767e-04
6.217383465516953698e-04
6.208819419714277192e-04
6.200266390978130581e-04
6.191724363229208009e-04
6.183193339189603944e-04
6.174673284685924021e-04
6.166164190765037034e-04
6.157666043803603330e-04
6.149178843602366067e-04
6.140702583163207880e-04
6.132237244543060949e-04
6.123782814010127456e-04
6.115339272105109946e-04
6.106906612667641066e-04
6.098484737052135840e-04
6.090073721395463432e-04
6.081673561575339729e-04
6.073284149934963507e-04
6.064905682246480006e-04
6.056538021797141982e-04
6.048181046092574766e-04
6.039834950131324747e-04
6.031499756817949951e-04
6.023175334070803326e-04
6.014861617805825631e-04
6.006558642501232505e-04
5.998266410561962176e-04
5.989985052138132758e-04
5.981714248799400307e-04
5.973454131662327745e-04
5.965204688999954522e-04
5.956965923451176684e-04
5.948737808965410016e-04
5.940520350043687310e-04
5.932313617781968633e-04
5.924117358552089506e-04
5.915931723224329740e-04
5.907756675311069770e-04
5.899592207101275092e-04
5.891438315775015004e-04
5.883294984503140753e-04
5.875162272025765808e-04
5.867040107482828643e-04
5.858928529002280575e-04
5.850827425883068245e-04
5.842736806930639345e-04
5.834656691082231719e-04
5.826587078707224374e-04
5.818527911591599936e-04
5.810479207885547873e-04
5.802440955692924392e-04
5.794413148959837298e-04
5.786395756163909649e-04
5.778388775077974429e-04
5.770392196341567843e-04
5.762406028034450711e-04
5.754430226258322239e-04
5.746464790074367430e-04
5.738509706529181659e-04
5.730564967128688172e-04
5.722630548216755663e-04
5.714706449434167352e-04
5.706792696340798636e-04
5.698889242180804875e-04
5.690996052665526920e-04
5.683113136069975219e-04
5.675240499221325318e-04
5.667378118108432582e-04
5.659525952650444960e-04
5.651684017297779229e-04
5.643852286741942023e-04
5.636030759169671344e-04
5.628219426102192870e-04
5.620418272726313610e-04
5.612627290636424456e-04
5.604846465420438434e-04
5.597075789803567132e-04
5.589315248786334281e-04
5.581564822029301196e-04
5.573824502940103419e-04
5.566094291809733224e-04
5.558374084373419967e-04
5.550663950462785684e-04
5.542963875160321959e-04
5.535273860813265780e-04
5.527593886468084184e-04
5.519923919904356178e-04
5.512264005614192497e-04
5.504614102602202463e-04
5.496974185796617415e-04
5.489344266182066357e-04
5.481724321889706831e-04
5.474114345448152048e-04
5.466514325794675751e-04
5.458924250309058401e-04
5.451344107992838741e-04
5.443773894229209619e-04
5.436213602639255625e-04
