4.364218449648335607e+00
4.692491866272596290e+00
4.886482205108268140e+00
5.011800937298582781e+00
5.094962967963226674e+00
5.153582328470793783e+00
5.198371948944858545e+00
5.235442030098984567e+00
5.268152587250016339e+00
5.298309359843964117e+00
5.326865279558671951e+00
5.354313335917812999e+00
5.380901440521228096e+00
5.406748338742714211e+00
5.431905847300686041e+00
5.456391923473264072e+00
5.480208269450063341e+00
5.503349587841746882e+00
5.525808452250419833e+00
5.547577801220197280e+00
5.568652176820846122e+00
5.589028289396469340e+00
5.608705225019628315e+00
5.627684457110156302e+00
5.645969756925758531e+00
5.663567047510825958e+00
5.680484232045171389e+00
5.696731002942000188e+00
5.712318658640090696e+00
5.727259909663544590e+00
5.741568699553174504e+00
5.755260026010859953e+00
5.768349769711825559e+00
5.780854542768396165e+00
5.792791537278580094e+00
5.804178389049856612e+00
5.815033051199316461e+00
5.825373678948333911e+00
5.835218524805796392e+00
5.844585844332732982e+00
5.853493811829566518e+00
5.861960445580786327e+00
5.870003542204387692e+00
5.877640619533942790e+00
5.884888867471985918e+00
5.891765106255829387e+00
5.898285751566731072e+00
5.904466785877183099e+00
5.910323735536374912e+00
5.915871653010944087e+00
5.921125103822427072e+00
5.926098157584646309e+00
5.930804382840265454e+00
5.935256845127820924e+00
5.939468107940428787e+00
5.943450236192881597e+00
5.947214801844554088e+00
5.950772891425581967e+00
5.954135115051506943e+00
5.957311616811789889e+00
5.960312086192675274e+00
5.963145770402338286e+00
5.965821487385384536e+00
5.968347639290587203e+00
5.970732226357783112e+00
5.972982861056988391e+00
5.975106782296513153e+00
5.977110869710065444e+00
5.979001657860330887e+00
5.980785350336664585e+00
5.982467833623893227e+00
5.984054690758037864e+00
5.985551214725782110e+00
5.986962421448279059e+00
5.988293062512828335e+00
5.989547637499335941e+00
5.990730405897962463e+00
5.991845398697512870e+00
5.992896429433604233e+00
5.993887104969937596e+00
5.994820835799566261e+00
5.995700845921200006e+00
5.996530182375609641e+00
5.997311724268302946e+00
5.998048191511702321e+00
5.998742153116455533e+00
5.999396035127925408e+00
6.000012128193129790e+00
6.000592594760711940e+00
6.001139475959140768e+00
6.001654698120888476e+00
6.002140078997353356e+00
6.002597333665796064e+00
6.003028080135095479e+00
6.003433844669145536e+00
6.003816066838260745e+00
6.004176104310769979e+00
6.004515237391358617e+00
6.004834673325124328e+00
6.005135550372750153e+00
6.005418941668948740e+00
6.005685858874939775e+00
6.005937255634593797e+00
6.006174030842636569e+00
6.006397031737585657e+00
6.006607056823134450e+00
6.006804858632363242e+00
6.006991146336452481e+00
6.007166588212101921e+00
6.007331813971823919e+00
6.007487416964406357e+00
6.007633956252689700e+00
6.007771958561569647e+00
6.007901920141155649e+00
6.008024308572336381e+00
6.008139564303698776e+00
6.008248153796710511e+00
6.008350361790786742e+00
6.008446659113448440e+00
6.008537339863332605e+00
6.008622730828856007e+00
6.008703098901766460e+00
6.008778780104487183e+00
6.008850047436754771e+00
6.008917158041164441e+00
6.008980389078552697e+00
6.009039930199186585e+00
6.009095964285313229e+00
6.009148729355711538e+00
6.009198415968083573e+00
6.009245203587547657e+00
6.009289261234540547e+00
6.009330748087477581e+00
6.009369814056725545e+00
6.009406600321495873e+00
6.009441239838008819e+00
6.009473857816607811e+00
6.009504572172458481e+00
6.009533493949795080e+00
6.009560727721271256e+00
6.009586371964508622e+00
6.009610519416640706e+00
6.009633257408643736e+00
6.009654668179845061e+00
6.009674829174341149e+00
6.009693813320274636e+00
6.009711689292862147e+00
6.009728521762058406e+00
6.009744371625883375e+00
6.009759296230223313e+00
6.009773349575839418e+00
6.009786582513294562e+00
6.009799042926536217e+00
6.009810775905846114e+00
6.009821823910709071e+00
6.009832226923167653e+00
6.009842022592314592e+00
6.009851246370288891e+00
6.009859931640427533e+00
6.009868109837906758e+00
6.009875810563375609e+00
6.009883061689949457e+00
6.009889889464009372e+00
6.009896318600110199e+00
6.009902372370184764e+00
6.009908072687991876e+00
6.009913440188151768e+00
6.009918494300853453e+00
6.009923253322121184e+00
6.009927734479958872e+00
6.009931953996763276e+00
6.009935927147921575e+00
6.009939668317029415e+00
6.009943191048233935e+00
6.009946508094876627e+00
6.009949631465760334e+00
6.009952572468702847e+00
6.009955341751345159e+00
6.009957949339710837e+00
6.009960404674484558e+00
6.009962716645194547e+00
6.009964893622417037e+00
6.009966943488012525e+00
6.009968873663625644e+00
6.009970691137658250e+00
6.009972402490477705e+00
6.009974013918286673e+00
6.009975531255481229e+00
6.009976959995859680e+00
6.009978305312433378e+00
6.009979572076201926e+00
6.009980764873769310e+00
6.009981888026435293e+00
6.009982945595646164e+00
6.009983941413278963e+00
6.009984879084952603e+00
6.009985762005764620e+00
6.009986593372593333e+00
6.009987376195640607e+00
6.009988113309358226e+00
6.009988807382706355e+00
6.009989460928790272e+00
6.009990076313994400e+00
6.009990655766531020e+00
6.009991201384502268e+00
6.009991715143513602e+00
6.009992198903811200e+00
6.009992654417032121e+00
6.009993083332515695e+00
6.009993487203324491e+00
6.009993867491806085e+00
6.009994225574954108e+00
6.009994562749333191e+00
6.009994880235808523e+00
6.009995179184012493e+00
6.009995460676383239e+00
6.009995725732171223e+00
6.009995975311118954e+00
6.009996210316929321e+00
6.009996431600531430e+00
6.009996639963183007e+00
6.009996836159341882e+00
6.009997020899417564e+00
6.009997194852342517e+00
6.009997358647988008e+00
6.009997512879443171e+00
6.009997658105165286e+00
6.009997794851011932e+00
6.009997923612132809e+00
6.009998044854752308e+00
6.009998159017894359e+00
6.009998266514931409e+00
6.009998367735102320e+00
6.009998463044921024e+00
6.009998552789497239e+00
6.009998637293789692e+00
6.009998716863786505e+00
6.009998791787601213e+00
6.009998862336534131e+00
6.009998928766036030e+00
6.009998991316646944e+00
6.009999050214858585e+00
6.009999105673940356e+00
6.009999157894692523e+00
6.009999207137180832e+00
6.009999253433305100e+00
6.009999297089441583e+00
6.009999338133087399e+00
6.009999376780148062e+00
6.009999413170574734e+00
6.009999447436133124e+00
6.009999479700889324e+00
6.009999510081675211e+00
6.009999538688503229e+00
6.009999565624949192e+00
6.009999590988546636e+00
6.009999614871141205e+00
6.009999637359207725e+00
6.009999658534177058e+00
6.009999678472715878e+00
6.009999697247026873e+00
6.009999714925086778e+00
6.009999731570903947e+00
6.009999747244756385e+00
6.009999762003395141e+00
6.009999775900264574e+00
6.009999788985682656e+00
6.009999801307029266e+00
6.009999812908919381e+00
6.009999823833367394e+00
6.009999834119921225e+00
6.009999843805833741e+00
6.009999852926176445e+00
6.009999861513973585e+00
6.009999869600317624e+00
6.009999877214494468e+00
6.009999884384072288e+00
6.009999891135009875e+00
6.009999897491752563e+00
6.009999903477320160e+00
6.009999909113384220e+00
6.009999914420350642e+00
6.009999919417439607e+00
6.009999924122742421e+00
6.009999928553297011e+00
6.009999932725146543e+00
6.009999936653398933e+00
6.009999940352277470e+00
6.009999943835172331e+00
6.009999947114698315e+00
6.009999950202730368e+00
6.009999953110446214e+00
6.009999955848377873e+00
6.009999958426440969e+00
6.009999960853968481e+00
6.009999963139747159e+00
6.009999965292060153e+00
6.009999967318694125e+00
6.009999969226991645e+00
6.009999971023862742e+00
6.009999972715810657e+00
6.009999974308965598e+00
6.009999975809093620e+00
6.009999977221629486e+00
6.009999978551683775e+00
6.009999979804073966e+00
6.009999980983336876e+00
6.009999982093741089e+00
6.009999983139306501e+00
6.009999984123822081e+00
6.009999985050850313e+00
6.009999985923747623e+00
6.009999986745676814e+00
6.009999987519612397e+00
6.009999988248357461e+00
6.009999988934549009e+00
6.009999989580672164e+00
6.009999990189069941e+00
6.009999990761941469e+00
6.009999991301363309e+00
6.009999991809285902e+00
6.009999992287550441e+00
6.009999992737889762e+00
6.009999993161931009e+00
6.009999993561214282e+00
6.009999993937183760e+00
6.009999994291198355e+00
6.009999994624541486e+00
6.009999994938421075e+00
6.009999995233973102e+00
6.009999995512266047e+00
6.009999995774311543e+00
6.009999996021052837e+00
6.009999996253388765e+00
6.009999996472157768e+00
6.009999996678153877e+00
6.009999996872120498e+00
6.009999997054760179e+00
6.009999997226736390e+00
6.009999997388670856e+00
6.009999997541149774e+00
6.009999997684723816e+00
6.009999997819915230e+00
6.009999997947212513e+00
6.009999998067079297e+00
6.009999998179944569e+00
6.009999998286218670e+00
6.009999998386289732e+00
6.009999998480514805e+00
6.009999998569241164e+00
6.009999998652782338e+00
6.009999998731448301e+00
6.009999998805521493e+00
6.009999998875269256e+00
6.009999998940942945e+00
6.009999999002783255e+00
6.009999999061010456e+00
6.009999999115839486e+00
6.009999999167467521e+00
6.009999999216081079e+00
6.009999999261852466e+00
6.009999999304953988e+00
6.009999999345541077e+00
6.009999999383754954e+00
6.009999999419737726e+00
6.009999999453619957e+00
6.009999999485523325e+00
6.009999999515564184e+00
6.009999999543850890e+00
6.009999999570486473e+00
6.009999999595565079e+00
6.009999999619181743e+00
6.009999999641417290e+00
6.009999999662357872e+00
6.009999999682070992e+00
6.009999999700637474e+00
6.009999999718115937e+00
6.009999999734574772e+00
6.009999999750073485e+00
6.009999999764666256e+00
6.009999999778409041e+00
6.009999999791348024e+00
6.009999999803532056e+00
6.009999999815003768e+00
6.009999999825804906e+00
6.009999999835977214e+00
6.009999999845553553e+00
6.009999999854573005e+00
6.009999999863063103e+00
6.009999999871062037e+00
6.009999999878588461e+00
6.009999999885677013e+00
6.009999999892353451e+00
6.009999999898639089e+00
6.009999999904558798e+00
6.009999999910130342e+00
6.009999999915378588e+00
6.009999999920319524e+00
6.009999999924971803e+00
6.009999999929353187e+00
6.009999999933478776e+00
6.009999999937361892e+00
6.009999999941018523e+00
6.009999999944465543e+00
6.009999999947708282e+00
6.009999999950760952e+00
6.009999999953636873e+00
6.009999999956343153e+00
6.009999999958892225e+00
6.009999999961292083e+00
6.009999999963552497e+00
6.009999999965681461e+00
6.009999999967684303e+00
6.009999999969571682e+00
6.009999999971348927e+00
6.009999999973020479e+00
6.009999999974595219e+00
6.009999999976079366e+00
6.009999999977475582e+00
6.009999999978791863e+00
6.009999999980029983e+00
6.009999999981196162e+00
6.009999999982293950e+00
6.009999999983329566e+00
6.009999999984301233e+00
6.009999999985218722e+00
6.009999999986081143e+00
6.009999999986894714e+00
6.009999999987658548e+00
6.009999999988380637e+00
6.009999999989058317e+00
6.009999999989696917e+00
6.009999999990299990e+00
6.009999999990865760e+00
6.009999999991399555e+00
6.009999999991900488e+00
6.009999999992372999e+00
6.009999999992819752e+00
6.009999999993238085e+00
6.009999999993632436e+00
6.009999999994005471e+00
6.009999999994355413e+00
6.009999999994684039e+00
6.009999999994994013e+00
6.009999999995287112e+00
6.009999999995560671e+00
6.009999999995820907e+00
6.009999999996066045e+00
6.009999999996295195e+00
6.009999999996512798e+00
6.009999999996715303e+00
6.009999999996906261e+00
6.009999999997088338e+00
6.009999999997257092e+00
6.009999999997416076e+00
6.009999999997568843e+00
6.009999999997711839e+00
6.009999999997844178e+00
6.009999999997972076e+00
6.009999999998088427e+00
6.009999999998199449e+00
6.009999999998304254e+00
6.009999999998402842e+00
6.009999999998497877e+00
6.009999999998584919e+00
6.009999999998667519e+00
6.009999999998745679e+00
6.009999999998819398e+00
6.009999999998886899e+00
6.009999999998950848e+00
6.009999999999013909e+00
6.009999999999070752e+00
6.009999999999125819e+00
6.009999999999177334e+00
6.009999999999224407e+00
6.009999999999269704e+00
6.009999999999313225e+00
6.009999999999353193e+00
6.009999999999392273e+00
6.009999999999426912e+00
6.009999999999457998e+00
6.009999999999490861e+00
6.009999999999521059e+00
6.009999999999548592e+00
6.009999999999574349e+00
6.009999999999600107e+00
6.009999999999623199e+00
6.009999999999645404e+00
6.009999999999664944e+00
6.009999999999685372e+00
6.009999999999705800e+00
6.009999999999720011e+00
6.009999999999736886e+00
6.009999999999753761e+00
6.009999999999767084e+00
6.009999999999780407e+00
6.009999999999794618e+00
6.009999999999803499e+00
6.009999999999815934e+00
6.009999999999829257e+00
6.009999999999839027e+00
6.009999999999845244e+00
6.009999999999857678e+00
6.009999999999863896e+00
6.009999999999872777e+00
6.009999999999878995e+00
6.009999999999886100e+00
6.009999999999894094e+00
6.009999999999898534e+00
6.009999999999905640e+00
6.009999999999912745e+00
6.009999999999916298e+00
6.009999999999921627e+00
6.009999999999926068e+00
6.009999999999930509e+00
6.009999999999934062e+00
6.009999999999936726e+00
6.009999999999942055e+00
6.009999999999945608e+00
6.009999999999948272e+00
6.009999999999950937e+00
6.009999999999953602e+00
6.009999999999957154e+00
6.009999999999958042e+00
6.009999999999961595e+00
6.009999999999965148e+00
6.009999999999966924e+00
6.009999999999967812e+00
6.009999999999968701e+00
6.009999999999971365e+00
6.009999999999972253e+00
6.009999999999975806e+00
6.009999999999975806e+00
6.009999999999977582e+00
6.009999999999979359e+00
6.009999999999979359e+00
6.009999999999981135e+00
6.009999999999981135e+00
6.009999999999983800e+00
6.009999999999982911e+00
6.009999999999983800e+00
6.009999999999985576e+00
6.009999999999986464e+00
6.009999999999987352e+00
6.009999999999988241e+00
6.009999999999989129e+00
6.009999999999989129e+00
6.009999999999990905e+00
6.009999999999990905e+00
6.009999999999990017e+00
6.009999999999991793e+00
6.009999999999991793e+00
6.009999999999992681e+00
6.009999999999992681e+00
6.009999999999992681e+00
6.009999999999994458e+00
6.009999999999994458e+00
6.009999999999993570e+00
6.009999999999994458e+00
6.009999999999995346e+00
6.009999999999995346e+00
6.009999999999996234e+00
6.009999999999996234e+00
6.009999999999997122e+00
6.009999999999996234e+00
6.009999999999996234e+00
6.009999999999997122e+00
6.009999999999997122e+00
6.009999999999998010e+00
6.009999999999998010e+00
6.009999999999996234e+00
6.009999999999996234e+00
6.009999999999997122e+00
6.009999999999997122e+00
6.009999999999997122e+00
6.009999999999998010e+00
6.009999999999998010e+00
6.009999999999998010e+00
6.009999999999997122e+00
6.009999999999997122e+00
6.009999999999998010e+00
6.009999999999997122e+00
6.009999999999998899e+00
6.009999999999998899e+00
6.009999999999998899e+00
6.009999999999998899e+00
6.009999999999998899e+00
6.009999999999998899e+00
6.009999999999998899e+00
6.009999999999999787e+00
6.009999999999998899e+00
6.009999999999998010e+00
6.009999999999998899e+00
6.010000000000000675e+00
6.009999999999999787e+00
6.010000000000000675e+00
6.009999999999999787e+00
6.009999999999998899e+00
6.009999999999998899e+00
6.009999999999998010e+00
6.009999999999998899e+00
6.010000000000000675e+00
6.009999999999999787e+00
6.009999999999998899e+00
6.009999999999999787e+00
6.009999999999999787e+00
6.010000000000000675e+00
6.009999999999998899e+00
6.009999999999999787e+00
6.009999999999999787e+00
6.009999999999999787e+00
6.009999999999999787e+00
6.009999999999999787e+00
6.009999999999999787e+00
6.009999999999999787e+00
6.009999999999999787e+00
6.010000000000000675e+00
6.009999999999999787e+00
6.009999999999999787e+00
6.010000000000000675e+00
6.009999999999999787e+00
6.009999999999999787e+00
6.009999999999999787e+00
6.009999999999999787e+00
6.009999999999998899e+00
6.009999999999999787e+00
6.009999999999999787e+00
6.009999999999999787e+00
6.010000000000000675e+00
6.009999999999999787e+00
6.009999999999999787e+00
6.009999999999999787e+00
6.009999999999999787e+00
6.009999999999999787e+00
6.009999999999999787e+00
6.009999999999998899e+00
6.009999999999999787e+00
6.009999999999999787e+00
6.009999999999999787e+00
6.009999999999998899e+00
6.009999999999999787e+00
6.009999999999998899e+00
6.009999999999999787e+00
6.009999999999999787e+00
6.010000000000000675e+00
6.009999999999999787e+00
6.009999999999999787e+00
6.009999999999999787e+00
6.009999999999999787e+00
6.010000000000000675e+00
6.009999999999998899e+00
6.010000000000000675e+00
6.009999999999999787e+00
6.009999999999999787e+00
6.009999999999999787e+00
6.009999999999998899e+00
6.010000000000000675e+00
6.009999999999999787e+00
6.009999999999999787e+00
6.009999999999998899e+00
6.009999999999998899e+00
6.009999999999999787e+00
6.009999999999999787e+00
6.009999999999999787e+00
6.010000000000000675e+00
6.009999999999999787e+00
6.010000000000000675e+00
6.009999999999999787e+00
6.010000000000000675e+00
6.009999999999999787e+00
6.009999999999999787e+00
6.009999999999999787e+00
6.010000000000000675e+00
6.009999999999999787e+00
6.009999999999999787e+00
6.009999999999999787e+00
6.009999999999998899e+00
6.009999999999999787e+00
6.010000000000000675e+00
6.009999999999999787e+00
6.009999999999999787e+00
6.010000000000000675e+00
6.009999999999999787e+00
6.009999999999999787e+00
6.009999999999999787e+00
6.009999999999999787e+00
6.010000000000000675e+00
6.009999999999998899e+00
6.009999999999999787e+00
6.009999999999999787e+00
6.009999999999999787e+00
6.009999999999999787e+00
6.009999999999999787e+00
6.010000000000000675e+00
6.010000000000000675e+00
6.009999999999999787e+00
6.009999999999999787e+00
6.009999999999999787e+00
6.009999999999998899e+00
6.009999999999999787e+00
6.009999999999999787e+00
6.009999999999999787e+00
6.009999999999999787e+00
6.010000000000000675e+00
6.009999999999999787e+00
6.010000000000000675e+00
6.009999999999998899e+00
6.009999999999999787e+00
6.009999999999999787e+00
6.009999999999999787e+00
6.009999999999999787e+00
6.010000000000000675e+00
6.010000000000000675e+00
6.009999999999999787e+00
6.009999999999999787e+00
6.009999999999998899e+00
6.009999999999998899e+00
6.009999999999998899e+00
6.009999999999999787e+00
6.010000000000000675e+00
6.009999999999999787e+00
6.010000000000000675e+00
6.009999999999999787e+00
6.009999999999999787e+00
6.009999999999999787e+00
6.010000000000000675e+00
6.009999999999999787e+00
6.010000000000000675e+00
6.010000000000000675e+00
6.009999999999999787e+00
6.009999999999999787e+00
6.010000000000000675e+00
6.010000000000000675e+00
6.009999999999999787e+00
6.009999999999999787e+00
6.009999999999998899e+00
6.009999999999999787e+00
6.010000000000000675e+00
6.009999999999999787e+00
6.009999999999999787e+00
6.009999999999998899e+00
6.010000000000000675e+00
6.009999999999999787e+00
6.009999999999999787e+00
6.009999999999998899e+00
6.009999999999998899e+00
6.010000000000000675e+00
6.009999999999999787e+00
6.009999999999999787e+00
6.009999999999999787e+00
6.009999999999999787e+00
6.009999999999999787e+00
6.009999999999999787e+00
6.010000000000000675e+00
6.009999999999999787e+00
6.009999999999999787e+00
6.010000000000000675e+00
6.009999999999999787e+00
6.009999999999999787e+00
6.009999999999998899e+00
6.009999999999999787e+00
6.009999999999999787e+00
6.009999999999999787e+00
6.009999999999999787e+00
6.009999999999999787e+00
6.009999999999999787e+00
6.009999999999999787e+00
6.010000000000000675e+00
6.009999999999998899e+00
6.009999999999998899e+00
6.010000000000000675e+00
6.009999999999999787e+00
6.009999999999998899e+00
6.010000000000000675e+00
6.009999999999999787e+00
6.009999999999999787e+00
6.009999999999999787e+00
6.010000000000000675e+00
6.009999999999999787e+00
6.009999999999999787e+00
6.009999999999999787e+00
6.009999999999999787e+00
6.009999999999999787e+00
6.009999999999999787e+00
6.009999999999999787e+00
6.009999999999999787e+00
6.009999999999998899e+00
6.009999999999999787e+00
6.009999999999998899e+00
6.010000000000000675e+00
6.009999999999999787e+00
6.009999999999999787e+00
6.009999999999999787e+00
6.010000000000000675e+00
6.010000000000000675e+00
6.010000000000000675e+00
6.009999999999998899e+00
6.009999999999998899e+00
6.009999999999998899e+00
6.010000000000000675e+00
6.009999999999999787e+00
6.009999999999999787e+00
6.009999999999998899e+00
6.009999999999999787e+00
6.009999999999999787e+00
6.009999999999999787e+00
6.010000000000000675e+00
6.009999999999999787e+00
6.009999999999999787e+00
6.009999999999999787e+00
6.009999999999999787e+00
6.010000000000000675e+00
6.009999999999999787e+00
6.009999999999999787e+00
6.009999999999999787e+00
6.009999999999998899e+00
6.009999999999998899e+00
6.009999999999998899e+00
6.009999999999998899e+00
6.009999999999998899e+00
6.010000000000000675e+00
6.009999999999999787e+00
6.009999999999999787e+00
6.009999999999999787e+00
6.010000000000000675e+00
6.009999999999999787e+00
6.009999999999999787e+00
6.009999999999999787e+00
6.009999999999999787e+00
6.009999999999999787e+00
6.009999999999999787e+00
6.010000000000000675e+00
6.009999999999999787e+00
6.009999999999999787e+00
6.009999999999999787e+00
6.010000000000000675e+00
6.009999999999999787e+00
6.010000000000000675e+00
6.010000000000000675e+00
6.009999999999999787e+00
6.009999999999999787e+00
6.009999999999999787e+00
6.010000000000000675e+00
6.009999999999998899e+00
6.009999999999999787e+00
6.010000000000000675e+00
6.009999999999999787e+00
6.009999999999999787e+00
6.009999999999998899e+00
6.009999999999999787e+00
6.009999999999999787e+00
6.009999999999999787e+00
6.009999999999999787e+00
6.009999999999999787e+00
6.009999999999999787e+00
6.009999999999999787e+00
6.009999999999999787e+00
6.009999999999999787e+00
6.010000000000000675e+00
6.009999999999998899e+00
6.009999999999998899e+00
6.009999999999999787e+00
6.009999999999999787e+00
6.009999999999999787e+00
6.009999999999998899e+00
6.009999999999998899e+00
6.009999999999999787e+00
6.009999999999999787e+00
6.009999999999999787e+00
6.009999999999999787e+00
6.009999999999999787e+00
6.010000000000000675e+00
6.009999999999999787e+00
6.009999999999999787e+00
6.009999999999999787e+00
6.009999999999998899e+00
6.009999999999998899e+00
6.009999999999999787e+00
6.010000000000000675e+00
6.009999999999999787e+00
6.009999999999999787e+00
6.009999999999999787e+00
6.009999999999999787e+00
6.009999999999999787e+00
6.009999999999999787e+00
6.009999999999999787e+00
6.009999999999999787e+00
6.010000000000000675e+00
6.009999999999999787e+00
6.009999999999999787e+00
6.009999999999999787e+00
6.009999999999999787e+00
6.009999999999999787e+00
6.009999999999998899e+00
6.009999999999999787e+00
6.009999999999999787e+00
6.009999999999999787e+00
6.009999999999999787e+00
6.010000000000000675e+00
6.009999999999999787e+00
6.009999999999999787e+00
6.009999999999998899e+00
6.009999999999999787e+00
6.010000000000000675e+00
6.010000000000000675e+00
6.009999999999998899e+00
6.009999999999999787e+00
6.009999999999999787e+00
6.009999999999999787e+00
6.009999999999998899e+00
6.009999999999999787e+00
6.009999999999998899e+00
6.009999999999998899e+00
6.009999999999998899e+00
6.009999999999999787e+00
6.009999999999999787e+00
6.009999999999999787e+00
6.010000000000000675e+00
6.010000000000000675e+00
6.009999999999999787e+00
6.009999999999998899e+00
6.009999999999999787e+00
6.009999999999999787e+00
6.009999999999999787e+00
6.010000000000000675e+00
6.009999999999998899e+00
6.009999999999998899e+00
6.009999999999999787e+00
6.009999999999999787e+00
6.009999999999999787e+00
6.010000000000000675e+00
6.009999999999999787e+00
6.010000000000000675e+00
6.009999999999999787e+00
6.009999999999999787e+00
6.010000000000000675e+00
6.010000000000000675e+00
6.009999999999999787e+00
6.009999999999999787e+00
6.009999999999998899e+00
6.009999999999999787e+00
6.009999999999999787e+00
6.009999999999999787e+00
6.009999999999998899e+00
6.009999999999999787e+00
6.009999999999999787e+00
6.009999999999999787e+00
6.009999999999999787e+00
6.009999999999998899e+00
6.009999999999999787e+00
6.010000000000000675e+00
6.009999999999999787e+00
6.009999999999999787e+00
6.009999999999999787e+00
6.009999999999999787e+00
6.010000000000000675e+00
6.009999999999999787e+00
6.010000000000000675e+00
6.009999999999998899e+00
6.009999999999999787e+00
6.009999999999999787e+00
6.009999999999998899e+00
6.009999999999999787e+00
6.009999999999999787e+00
6.009999999999999787e+00
6.009999999999998899e+00
6.009999999999999787e+00
6.009999999999999787e+00
6.009999999999999787e+00
6.009999999999999787e+00
6.009999999999999787e+00
6.009999999999999787e+00
6.009999999999999787e+00
6.009999999999999787e+00
6.009999999999999787e+00
6.009999999999999787e+00
6.009999999999999787e+00
6.009999999999999787e+00
6.009999999999998899e+00
6.009999999999999787e+00
6.009999999999999787e+00
6.009999999999999787e+00
6.009999999999999787e+00
6.009999999999999787e+00
6.009999999999999787e+00
6.009999999999998899e+00
6.009999999999998899e+00
6.009999999999999787e+00
6.009999999999999787e+00
6.009999999999999787e+00
6.009999999999999787e+00
6.009999999999998899e+00
6.009999999999999787e+00
6.010000000000000675e+00
6.009999999999999787e+00
6.010000000000000675e+00
6.009999999999999787e+00
6.010000000000000675e+00
6.009999999999999787e+00
6.009999999999999787e+00
