4.371936663042976789e+00
4.695365890505099671e+00
4.888876276996399817e+00
5.013801009555111321e+00
5.096621909525711480e+00
5.155005297757989879e+00
5.199649517126355036e+00
5.236633406976922700e+00
5.269290159886147684e+00
5.299407536337341185e+00
5.327927987243823438e+00
5.355339146185753130e+00
5.381886687874178676e+00
5.407688943525513992e+00
5.432798185272368130e+00
5.457233247370577800e+00
5.480996823828276021e+00
5.504084598265017725e+00
5.526490021156795329e+00
5.548206781433703050e+00
5.569230031231317213e+00
5.589556958840475431e+00
5.609187006850724799e+00
5.628121899540601270e+00
5.646365567399908691e+00
5.663924016460416766e+00
5.680805168962566043e+00
5.697018689080413978e+00
5.712575804200988649e+00
5.727489126451867918e+00
5.741772476319795260e+00
5.755440713628951599e+00
5.768509570896074301e+00
5.780995513563854438e+00
5.792915581954271254e+00
5.804287261894144123e+00
5.815128360744867386e+00
5.825456893679536563e+00
5.835290980138424288e+00
5.844648750294321182e+00
5.853548261191861890e+00
5.862007422273398660e+00
5.870043929571696850e+00
5.877675208564336451e+00
5.884918364711594130e+00
5.891790141366341160e+00
5.898306884459982413e+00
5.904484513419316905e+00
5.910338497777224198e+00
5.915883838953883256e+00
5.921135056675276509e+00
5.926106179700041388e+00
5.930810740090322497e+00
5.935261770914863177e+00
5.939471806824127675e+00
5.943452887160330711e+00
5.947216561260515455e+00
5.950773895639166255e+00
5.954135482768128540e+00
5.957311451186738438e+00
5.960311476715719259e+00
5.963144794560203188e+00
5.965820212114357091e+00
5.968346122299956313e+00
5.970730517301354290e+00
5.972981002510914905e+00
5.975104810684419121e+00
5.977108816089662824e+00
5.978999548622846660e+00
5.980783207806577906e+00
5.982465676606839367e+00
5.984052535016932239e+00
5.985549073361442041e+00
5.986960305289517947e+00
5.988290980425195364e+00
5.989545596652407156e+00
5.990728412015521975e+00
5.991843456229142717e+00
5.992894541782085582e+00
5.993885274634329186e+00
5.994819064504653738e+00
5.995699134750076986e+00
5.996528531840417564e+00
5.997310134433291751e+00
5.998046662056376377e+00
5.998740683405148211e+00
5.999394624265304898e+00
6.000010775070002467e+00
6.000591298102632365e+00
6.001138234356404588e+00
6.001653510062329389e+00
6.002138942897424556e+00
6.002596247885086278e+00
6.003027042999611318e+00
6.003432854486768555e+00
6.003815121912253083e+00
6.004175202949629586e+00
6.004514377919207391e+00
6.004833854089008049e+00
6.005134769748690537e+00
