2.331740574330801868e-02
2.140227641395929178e-02
1.976740877511157582e-02
1.840992838437187709e-02
1.730531229809762622e-02
1.642541158316478123e-02
1.574002914001371850e-02
1.521881489501926248e-02
1.483326274419762003e-02
1.455801816111216250e-02
1.437131897094984061e-02
1.425507891322190350e-02
1.419449485895433322e-02
1.417761581393491878e-02
1.419487391803309767e-02
1.423864632011152299e-02
1.430287162247791642e-02
1.438273995471155142e-02
1.447443190776721497e-02
1.457491303269529623e-02
1.468177046071468192e-02
1.479308866343347593e-02
1.490733550155614977e-02
1.502329020767672468e-02
1.513998749444774548e-02
1.525665673064252083e-02
1.537268101446291266e-02
1.548758648114253837e-02
1.560099284322395870e-02
1.571259883937935198e-02
1.582218835374026716e-02
1.592958499597493111e-02
1.603465714801541667e-02
1.613731075004284227e-02
1.623749504589249576e-02
1.633516258188424247e-02
1.643029903105217709e-02
1.652290326193481956e-02
1.661298437654450122e-02
1.670056288251156942e-02
1.678566807281590967e-02
1.686833163358778670e-02
1.694859444149329417e-02
1.702650012526354603e-02
1.710209654770888932e-02
1.717543114313808267e-02
1.724655145127464498e-02
1.731551025641835453e-02
1.738236427938211551e-02
1.744715427815931794e-02
1.750994019666403737e-02
1.757077280247459558e-02
1.762969222963643029e-02
1.768675729486295436e-02
1.774201838107152332e-02
1.779552320777156790e-02
1.784730939301041805e-02
1.789742773028680026e-02
1.794592288362877042e-02
1.799284170030508029e-02
1.803822481754742066e-02
1.808211366713947943e-02
1.812454847518265091e-02
1.816556836090058372e-02
1.820521117968215002e-02
1.824351405486456315e-02
1.828051247530064483e-02
1.831624110312976214e-02
1.835073357246226264e-02
1.838402681649970935e-02
1.841614419007571099e-02
1.844712041407812683e-02
1.847698526600858454e-02
1.850577340779606395e-02
1.853350897411333922e-02
1.856021536753194381e-02
1.858591928428025147e-02
1.861064213746690954e-02
1.863441360890784326e-02
1.865725798788683831e-02
1.867920158974641781e-02
1.870025732108260286e-02
1.872045762462390059e-02
1.873982243954358182e-02
1.875836995804305504e-02
1.877611982257784348e-02
1.879309114442949402e-02
1.880929303700022356e-02
1.882475273089247517e-02
1.883948728674274611e-02
1.885351375782364988e-02
1.886685891811041779e-02
1.887952886313036538e-02
1.889153928599695761e-02
1.890289512255428211e-02
1.891362165883870433e-02
1.892373239665903414e-02
1.893324154163803993e-02
1.894216277947704391e-02
1.895050951903375427e-02
1.895830258998675369e-02
1.896554531002066224e-02
1.897224989301101936e-02
1.897842795832634447e-02
1.898409085828418191e-02
1.898924959681481256e-02
1.899391486372710436e-02
1.899809737359467801e-02
1.900180732601191094e-02
1.900505469123638450e-02
1.900784873464287511e-02
1.901019851401592603e-02
1.901211284077095054e-02
1.901360387681765018e-02
1.901468781451421883e-02
1.901536143746795915e-02
1.901563062251330344e-02
1.901550871661239830e-02
1.901500386275585194e-02
1.901412366867279505e-02
1.901287544521882214e-02
1.901126668602531877e-02
1.900930429997058080e-02
1.900699540121114639e-02
1.900434677737616873e-02
1.900136530601848062e-02
1.899805693128239423e-02
1.899442823424655688e-02
1.899048858548588181e-02
1.898624033330955502e-02
1.898169091381755533e-02
1.897684102303798942e-02
1.897170119998077553e-02
1.896627501209495817e-02
1.896056885344207452e-02
1.895458902274929636e-02
1.894833821521688458e-02
1.894182269599838098e-02
1.893504747809490740e-02
1.892801723092075658e-02
1.892073664128104266e-02
1.891321249835673304e-02
1.890544487332936410e-02
1.889744275574174043e-02
1.888920565287766778e-02
1.888074013845019924e-02
1.887205043159065343e-02
1.886314043177458183e-02
1.885401431304986261e-02
1.884467540693089346e-02
1.883512829758681242e-02
1.882537572199837264e-02
1.881542191483217413e-02
1.880527026900186138e-02
1.879492428936235804e-02
1.878438743140180625e-02
1.877366323789763161e-02
1.876275460872177045e-02
1.875166508618241260e-02
1.874039741034222786e-02
1.872896352383525420e-02
1.871734915994912804e-02
1.870556477725745029e-02
1.869361685074282659e-02
1.868150522647289008e-02
1.866923500239037886e-02
1.865680894138214627e-02
1.864422963057008401e-02
1.863149762471842663e-02
1.861861097668258622e-02
1.860557736848449800e-02
1.859239957543369279e-02
1.857907965685744178e-02
1.856561993401468005e-02
1.855202292570516318e-02
1.853829101166783871e-02
1.852442646709281243e-02
1.851043155580313695e-02
1.849630848928653787e-02
1.848205943767540840e-02
1.846768653446803632e-02
1.845319187707631162e-02
1.843857752642588665e-02
1.842384554738999911e-02
1.840901535874404915e-02
1.839407067891108555e-02
1.837901343963614653e-02
1.836384552184491814e-02
1.834856878713227168e-02
1.833317133591768830e-02
1.831766947643445262e-02
1.830206498122038603e-02
1.828635958127218519e-02
1.827055498097447661e-02
1.825465289473137201e-02
1.823865505217873301e-02
1.822256303388477064e-02
1.820638243860856278e-02
1.819011153042261394e-02
1.817375169623375308e-02
1.815730247776340886e-02
1.814076288197517123e-02
1.812413837770589578e-02
1.810743039797705137e-02
1.809064458889949809e-02
1.807377744868163272e-02
1.805683192777034901e-02
1.803980945138572781e-02
1.802271110947939806e-02
1.800553040633382645e-02
1.798827719368712927e-02
1.797095009154589876e-02
1.795355077803943017e-02
1.793608127483899486e-02
1.791854317970727542e-02
1.790093761172892664e-02
1.788326585992746492e-02
1.786552908449382665e-02
1.784772883563821855e-02
1.782986549998765227e-02
1.781194039213514213e-02
1.779395483182056453e-02
1.777591013133749190e-02
1.775780669158897110e-02
1.773964619839123527e-02
1.772142716458555492e-02
1.770315528489745452e-02
1.768482945420848246e-02
1.766645048202527754e-02
1.764801926255916281e-02
1.762953705800994475e-02
1.761100440148083424e-02
1.759242250174355288e-02
1.757379219786374402e-02
1.755511439339372051e-02
1.753639004022613385e-02
1.751761596154514933e-02
1.749880123116910602e-02
1.747994262812166757e-02
1.746104056108161579e-02
1.744209655826502517e-02
1.742311098704921180e-02
1.740408490013287471e-02
1.738501910991010341e-02
1.736591460338961571e-02
1.734677228128449905e-02
1.732759381186497680e-02
1.730837874598958187e-02
1.728912717231237406e-02
1.726984177451179256e-02
1.725052170795094222e-02
1.723116949946037341e-02
1.721178538324046395e-02
1.719236774554372751e-02
1.717291945426428768e-02
1.715344500395753896e-02
1.713394107891853813e-02
1.711440860262735189e-02
1.709484830981667508e-02
1.707526092674961637e-02
1.705564735204023741e-02
1.703600769149367367e-02
1.701633487338763753e-02
1.699663764247763900e-02
1.697691732772063991e-02
1.695717196932296569e-02
1.693740230499013108e-02
1.691761042900629536e-02
1.689779692562170740e-02
1.687796275921144354e-02
1.685810949932448413e-02
1.683823512571159392e-02
1.681834207151309754e-02
1.679843061518490957e-02
1.677850121285423546e-02
1.675855458279855437e-02
1.673859085707116515e-02
1.671861092881602590e-02
1.669861492080020396e-02
1.667860349957966254e-02
1.665857743320951420e-02
1.663853682024368438e-02
1.661848233322494109e-02
1.659841444112854919e-02
1.657833364558460032e-02
1.655824025498568719e-02
1.653813485513982648e-02
1.651801794306264476e-02
1.649789020637598691e-02
1.647775188941359714e-02
1.645760344155057855e-02
1.643744531419988678e-02
1.641727795189793990e-02
1.639710167745045410e-02
1.637691712181222475e-02
1.635671767763486814e-02
1.633651064057614621e-02
1.631630326807868847e-02
1.629608886520476224e-02
1.627586805897760641e-02
1.625564114957574885e-02
1.623540855097046695e-02
1.621517048145783638e-02
1.619492758640290672e-02
1.617468012951788978e-02
1.615442862296814774e-02
1.613417186270729720e-02
1.611391344338776802e-02
1.609365076781508683e-02
1.607338683022129996e-02
1.605312068368235090e-02
1.603285224993480917e-02
1.601258192688930285e-02
1.599230932246830869e-02
1.597203610103474156e-02
1.595176185019938839e-02
1.593148715609635571e-02
1.591121014857318355e-02
1.589093662909427454e-02
1.587066429300913045e-02
1.585039341666015858e-02
1.583012439935950824e-02
1.580985753684049228e-02
1.578959496305748847e-02
1.576933336944651848e-02
1.574911230750442384e-02
1.572885712675555284e-02
1.570860291690850605e-02
1.568835550176357271e-02
1.566811244121723082e-02
1.564787397678810837e-02
1.562764040706678473e-02
1.560741225460965040e-02
1.558718940246110567e-02
1.556697231891219363e-02
1.554676129224244474e-02
1.552655659290072369e-02
1.550635849918559697e-02
1.548616726551229304e-02
1.546598318531148229e-02
1.544580646830947743e-02
1.542563741996416139e-02
1.540547629952502585e-02
1.538532336299661130e-02
1.536517886361060854e-02
1.534504305176206083e-02
1.532491617498097682e-02
1.530479847811974485e-02
1.528469020322769170e-02
1.526459158958531209e-02
1.524450287386147629e-02
1.522442429001060263e-02
1.520435606934776931e-02
1.518429844057590100e-02
1.516425162981238292e-02
1.514421586061552583e-02
1.512419135401035439e-02
1.510417836258857137e-02
1.508417706844469679e-02
1.506418768474882160e-02
1.504421042269524049e-02
1.502424549130190745e-02
1.500429310207559118e-02
1.498435341670164081e-02
1.496442671251462485e-02
1.494451312939141727e-02
1.492461287630380065e-02
1.490472618545380518e-02
1.488485319078436050e-02
1.486499524801284007e-02
1.484515096410666569e-02
1.482532051322261492e-02
1.480550430096379960e-02
1.478570277875170501e-02
1.476591666575002154e-02
1.474614515247096858e-02
1.472638864857871849e-02
1.470664750882363751e-02
1.468692189767598424e-02
1.466721197512624308e-02
1.464751812891432192e-02
1.462784010881306926e-02
1.460817831862244037e-02
1.458853288625364987e-02
1.456890415107353447e-02
1.454929191068634296e-02
1.452969650608985051e-02
1.451011826285751420e-02
1.449055696256831664e-02
1.447101292451477561e-02
1.445148636132373085e-02
1.443197737334518151e-02
1.441248609652144401e-02
1.439301271645468741e-02
1.437355734258675272e-02
1.435412009601532389e-02
1.433470116108915768e-02
1.431530084995191049e-02
1.429599342693630565e-02
1.427670292166808089e-02
1.425736286266893367e-02
1.423803712699989177e-02
1.421873046983779601e-02
1.419944301740793703e-02
1.418017486811210155e-02
1.416092619532530184e-02
1.414169709987716898e-02
1.412248766292103358e-02
1.410329807076263382e-02
1.408412838185594922e-02
1.406497876802360533e-02
1.404584930732621396e-02
1.402674011611100557e-02
1.400765127200463006e-02
1.398858661319573454e-02
1.396954021185523726e-02
1.395051656034896996e-02
1.393151237317308277e-02
1.391253075168432871e-02
1.389357055564939547e-02
1.387463147379108114e-02
1.385571405194422831e-02
1.383681825848091795e-02
1.381794258546029455e-02
1.379908837032632792e-02
1.378025740962000173e-02
1.376144758723409252e-02
1.374265925044576737e-02
1.372389258096462158e-02
1.370514752783954550e-02
1.368642318938778114e-02
1.366772181429371479e-02
1.364904230048785694e-02
1.363038485711946281e-02
1.361174947752620198e-02
1.359313710723277467e-02
1.357454567183610447e-02
1.355597546417811050e-02
1.353742796970629388e-02
1.351890326121051554e-02
1.350040141460343013e-02
1.348192250261077280e-02
1.346346660017109023e-02
1.344503377980533869e-02
1.342662414707661116e-02
1.340823773160121704e-02
1.338987462486006079e-02
1.337153481736335671e-02
1.335321845874075548e-02
1.333492564263449864e-02
1.331665633438442083e-02
1.329841065455805195e-02
1.328018865489464205e-02
1.326199043232979477e-02
1.324381597503108271e-02
1.322566538640007096e-02
1.320753871833367510e-02
1.318943603152475559e-02
1.317135738225570264e-02
1.315330476147138529e-02
1.313527736796974744e-02
1.311727224943026390e-02
1.309929357486538243e-02
1.308134036802729820e-02
1.306340520181330060e-02
1.304549570248294231e-02
1.302761021106519854e-02
1.300975260247750308e-02
1.299191726608034912e-02
1.297410702654169627e-02
1.295632164188413767e-02
1.293856150756161373e-02
1.292082726048900121e-02
1.290311775096524526e-02
1.288543317242970936e-02
1.286777359692864442e-02
1.285013902641461529e-02
1.283252941964443256e-02
1.281494433842668076e-02
1.279738494503239454e-02
1.277985081909337531e-02
1.276234209009587117e-02
1.274485743729880140e-02
1.272739897452251044e-02
1.270996608399715608e-02
1.269255693311320890e-02
1.267517415886940113e-02
1.265781707662946669e-02
1.264048547194307308e-02
1.262317941934520092e-02
1.260589872585574783e-02
1.258864351838103260e-02
1.257141389246248069e-02
1.255420978206624009e-02
1.253703119984529192e-02
1.251987815724260600e-02
1.250275066378496794e-02
1.248564872716878028e-02
1.246857235337790748e-02
1.245152155497008389e-02
1.243449635533932195e-02
1.241749677512458613e-02
1.240052283431352514e-02
1.238357455224726317e-02
1.236665194762646969e-02
1.234975503851745184e-02
1.233288384336362654e-02
1.231603841023363316e-02
1.229921861547292848e-02
1.228242456345097697e-02
1.226565628203868732e-02
1.224891379489205685e-02
1.223219727206967949e-02
1.221550658628515508e-02
1.219884155172598801e-02
1.218220235932728282e-02
1.216558912957038142e-02
1.214900176496524174e-02
1.213244039160804588e-02
1.211590480911066588e-02
1.209939512362946668e-02
1.208291134493309771e-02
1.206645346962278986e-02
1.205002151801515611e-02
1.203361549843526279e-02
1.201723541855801228e-02
1.200088136365694974e-02
1.198455334520116648e-02
1.196825128957731965e-02
1.195197520048017943e-02
1.193572381069496133e-02
1.191949847501768030e-02
1.190329920742197109e-02
1.188712595532865311e-02
1.187097994320282165e-02
1.185485978132316126e-02
1.183876560680906589e-02
1.182269742109924582e-02
1.180665527460889389e-02
1.179063810905015691e-02
1.177464698544664241e-02
1.175868191119236635e-02
1.174274288381109074e-02
1.172682990035992315e-02
1.171094380978146381e-02
1.169508354707602185e-02
1.167924926002160239e-02
1.166344094556275371e-02
1.164765860021275794e-02
1.163190222239262814e-02
1.161617180461618597e-02
1.160046734216079074e-02
1.158478882984680623e-02
1.156913521832214978e-02
1.155350849339602595e-02
1.153790731658513313e-02
1.152233268697979048e-02
1.150678261749832169e-02
1.149125845680816840e-02
1.147576141107897914e-02
1.146029026590527668e-02
1.144484500273960578e-02
1.142942561199218263e-02
1.141403208491136370e-02
1.139866440989109955e-02
1.138332257621911016e-02
1.136800653768007575e-02
1.135271631819235669e-02
1.133745190630685261e-02
1.132221328997838616e-02
1.130700045682531997e-02
1.129181339413671582e-02
1.127665226781929958e-02
1.126151688455335337e-02
1.124640674558896256e-02
1.123132232253590615e-02
1.121626393354690186e-02
1.120123123353921647e-02
1.118622420540987990e-02
1.117124283387272571e-02
1.115628710335955787e-02
1.114135699803265808e-02
1.112645216241421944e-02
1.111157324576938533e-02
1.109671990969143818e-02
1.108189214113883790e-02
1.106708991400901822e-02
1.105231321098658175e-02
1.103756264708905845e-02
1.102283708507983961e-02
1.100813684203083738e-02
1.099346204668749140e-02
1.097881268084279979e-02
1.096418873083673806e-02
1.094959061929334440e-02
1.093501741944679848e-02
1.092046956247328879e-02
1.090594699565884847e-02
1.089144974484149153e-02
1.087697779086350090e-02
1.086253114282957621e-02
1.084810969669868820e-02
1.083371348821471000e-02
1.081934250613058104e-02
1.080499673624591740e-02
1.079067609305639497e-02
1.077638054668567449e-02
1.076211017015330125e-02
1.074786489669382616e-02
1.073364445588370457e-02
1.071944861505317974e-02
1.070527894278238898e-02
1.069113378497039968e-02
1.067701360190412806e-02
1.066291845768032459e-02
1.064884871090786972e-02
1.063480360328931777e-02
1.062078348434159804e-02
1.060678849735166747e-02
1.059281824628809966e-02
1.057887225671530484e-02
1.056495103680840306e-02
1.055105456994331718e-02
1.053718281883887081e-02
1.052333578550395873e-02
1.050951341185697371e-02
1.049571566481088264e-02
1.048194253112710514e-02
1.046819396319714941e-02
1.045446998814313945e-02
1.044077153129937922e-02
1.042709767305303667e-02
1.041344813764849726e-02
1.039982344964157993e-02
1.038622325671930899e-02
1.037264744345710830e-02
1.035909585565377919e-02
1.034556837383364923e-02
1.033206481596121544e-02
1.031858526175283980e-02
1.030512958356931581e-02
1.029169791625679335e-02
1.027829029722491551e-02
1.026490669743374690e-02
1.025154690236476825e-02
1.023773690188574392e-02
1.022394357414384974e-02
1.021017982627636309e-02
1.019677348422593985e-02
1.018353973016150951e-02
1.017032998291086780e-02
1.015715248482138011e-02
1.014399892101072037e-02
1.013086935744791396e-02
1.011776376747262202e-02
1.010468205219412600e-02
1.009162418102936901e-02
1.007858999603081229e-02
1.006557935494017952e-02
1.005259239265155445e-02
1.003962888919163882e-02
1.002668888677357185e-02
1.001377139797093863e-02
1.000087758363392941e-02
9.988008042949371099e-03
9.975161271785553882e-03
9.962337975305015497e-03
9.949538777213379551e-03
9.936762767354962583e-03
9.924009969609581122e-03
9.911280511586418804e-03
9.898574272859143527e-03
9.885891232064868139e-03
9.873231357415601997e-03
9.860594617953339844e-03
9.847980982142933923e-03
9.835390418310840238e-03
9.822822898890110066e-03
9.810278387272306638e-03
9.797756852805710945e-03
9.785258256534116669e-03
9.772782571588718020e-03
9.760329765450046977e-03
9.747899805507408144e-03
9.735492659062624024e-03
9.723108299163479851e-03
9.710746754354609295e-03
9.698407922978014364e-03
9.686090749326791219e-03
9.673796860576880721e-03
9.661525589963495392e-03
9.649276910740897661e-03
9.637050767263493495e-03
9.624847122852211653e-03
9.612666835138998500e-03
9.600508087057329012e-03
9.588371766046823244e-03
9.576257812102553085e-03
9.564166510243152231e-03
9.552097524582473659e-03
9.540049403129460467e-03
9.528023551713575914e-03
9.516019935146328990e-03
9.504038515247597435e-03
9.492079259266579180e-03
9.480142122188093406e-03
9.468227077865263783e-03
9.456334118965528668e-03
9.444463162697808514e-03
9.432614191795349323e-03
9.420787170698781410e-03
9.408982053937054238e-03
9.397198844323103456e-03
9.385437477255214461e-03
9.373697916524821594e-03
9.361980126061483082e-03
9.350284069778591264e-03
9.338609711542966360e-03
9.326957015375838059e-03
9.315325945031222715e-03
9.303716464246439971e-03
9.292128536746985593e-03
9.280562126206792425e-03
9.269017196290174274e-03
9.257493710620514141e-03
9.245991602459700462e-03
9.234510865417405734e-03
9.223051463281596585e-03
9.211613376621741178e-03
9.200196551659720404e-03
9.188800951746586496e-03
9.177426540321867790e-03
9.166073280833981346e-03
9.154741136685922223e-03
9.143430074534188851e-03
9.132140059490669731e-03
9.120871049288178586e-03
9.109623007221002294e-03
9.098395896619461409e-03
9.087189680719632429e-03
9.076004322907940333e-03
9.064839786326214094e-03
9.053696034295396350e-03
9.042573030033853806e-03
9.031470733596922568e-03
9.020389111699540427e-03
9.009328127507805137e-03
8.998287788357836256e-03
8.987267955685758133e-03
8.976268649990336648e-03
8.965289834840940719e-03
8.954331473345740477e-03
8.943393544656595001e-03
8.932475995621963830e-03
8.921578789259089828e-03
8.910701888640858853e-03
8.899845256845702671e-03
8.889008856960272167e-03
8.878192686609436002e-03
8.867396632917278962e-03
8.856620700025680595e-03
8.845864851308844756e-03
8.835129049784387276e-03
8.824413258586618833e-03
8.813717440744555862e-03
8.803041559407771138e-03
8.792385585397152412e-03
8.781749474065216055e-03
8.771133188494860747e-03
8.760536691798576081e-03
8.749959947057831325e-03
8.739402917423573156e-03
8.728865565961967110e-03
8.718347855819600506e-03
8.707849750093895128e-03
8.697371252809971490e-03
8.686912235857938841e-03
8.676472712496616571e-03
8.666052646247561150e-03
8.655652000279042205e-03
8.645270737769824437e-03
8.634908821911530322e-03
8.624566215908829186e-03
8.614242882980405192e-03
8.603938786357265972e-03
8.593653889285410644e-03
8.583388155026169808e-03
8.573141546856758929e-03
8.562914028070980899e-03
8.552705561978051624e-03
8.542516111904874254e-03
8.532345641196668884e-03
8.522194113217090514e-03
8.512061491348782427e-03
8.501947784771679215e-03
8.491852911495642239e-03
8.481776834661875972e-03
8.471719517761903614e-03
8.461680924308476182e-03
8.451661017835669643e-03
8.441659761900826078e-03
8.431677120083354987e-03
8.421713055985758506e-03
8.411767533234132746e-03
8.401840515478650045e-03
8.391931966393963160e-03
8.382041849679711804e-03
8.372170129060947652e-03
8.362316768288561089e-03
8.352481731137480561e-03
8.342664981414456282e-03
8.332866548201211393e-03
8.323086330152494258e-03
8.313324291146881317e-03
8.303580395103492967e-03
8.293854605969829680e-03
8.284146887693584482e-03
8.274457204310494557e-03
8.264785519855761056e-03
8.255131798394481357e-03
8.245496003995097384e-03
8.235878100812976318e-03
8.226278053005750893e-03
8.216695709601590583e-03
8.207131149138130119e-03
8.197584336150323669e-03
8.188055234969406418e-03
8.178543809853720467e-03
8.169050025211180982e-03
8.159573832232374854e-03
8.150115208258116792e-03
8.140674117822729525e-03
8.131250525414860514e-03
8.121844395559423349e-03
8.112455700717431314e-03
8.103084397779054468e-03
8.093730451447079741e-03
8.084393831239662653e-03
8.075074496924456238e-03
8.065772413144503550e-03
8.056487544794673980e-03
8.047219856704883670e-03
8.037969313663514276e-03
8.028735880655947857e-03
8.019519522629763378e-03
8.010320204516724329e-03
8.001137891402759078e-03
7.991972548335316354e-03
7.982824140443682201e-03
7.973692632877652300e-03
7.964577990828171708e-03
7.955480159661928660e-03
7.946399124215738213e-03
7.937334849920893096e-03
7.928287302004698167e-03
7.919256445996848345e-03
7.910242247343745800e-03
7.901244671475184458e-03
7.892263683941375813e-03
7.883299250356034377e-03
7.874351336293862469e-03
7.865419907417179821e-03
7.856505037217877824e-03
7.847606584115152106e-03
7.838724513615814848e-03
7.829858791555011077e-03
7.821009383839254078e-03
7.812176256443678461e-03
7.803359375343283527e-03
7.794558706508792484e-03
7.785774216023671687e-03
7.777005870035891451e-03
7.768253634662461611e-03
7.759517476154450567e-03
7.750797360721463358e-03
7.742093254710700687e-03
7.733405124446697358e-03
7.724732936305002927e-03
7.716076654698224117e-03
7.707436248051221725e-03
7.698811682982282557e-03
7.690202925824734734e-03
7.681609943496704208e-03
7.673032702661143449e-03
7.664471170046360630e-03
7.655925312471091593e-03
7.647395096769598818e-03
7.638880489785430765e-03
7.630381458492988683e-03
7.621897966083611420e-03
7.613429983938846748e-03
7.604977479053226519e-03
7.596540418555814723e-03
7.588118769547786205e-03
7.579712499343898430e-03
7.571321575224649811e-03
7.562945964521402588e-03
7.554585634558561025e-03
7.546240552833115289e-03
7.537910630842322920e-03
7.529595892011574018e-03
7.521296239327610912e-03
7.513011704377314283e-03
7.504742251129696042e-03
7.496487851333816406e-03
7.488248472723390246e-03
7.480024083360632681e-03
7.471814651158596027e-03
7.463620143991840823e-03
7.455440524536890295e-03
7.447275766120617195e-03
7.439125842224949062e-03
7.430990715865588327e-03
7.422870430487706929e-03
7.414764878855141343e-03
7.406674541563846095e-03
7.398598856711801480e-03
7.390537815866164532e-03
7.382491374557684921e-03
7.374459519261033352e-03
7.366442207815956239e-03
7.358439409398361171e-03
7.350451087689849339e-03
7.342477211169836857e-03
7.334517768722377887e-03
7.326572741417657249e-03
7.318642123232634369e-03
7.310725769088455804e-03
7.302823706835090412e-03
7.294935905550335026e-03
7.287062336158498140e-03
7.279202968458801243e-03
7.271357798558629806e-03
7.263526762974155393e-03
7.255709847683887437e-03
7.247907013402497475e-03
7.240118221890831478e-03
7.232343447409000058e-03
7.224582656701288193e-03
7.216835859379790857e-03
7.209102985356542238e-03
7.201384014833008863e-03
7.193678909379934427e-03
7.185987578206600238e-03
7.178310044020698791e-03
7.170646278435822280e-03
7.162996254938161327e-03
7.155359941307278676e-03
7.147737308993485673e-03
7.140128475474846921e-03
7.132533271792280451e-03
7.124951667920122016e-03
7.117383619696619236e-03
7.109829108294326433e-03
7.102288105107119193e-03
7.094760592466026194e-03
7.087246517700980346e-03
7.079745863469681308e-03
7.072258600882384318e-03
7.064784701014481874e-03
7.057324134943971164e-03
7.049876876467948625e-03
7.042442893769423375e-03
7.035022158005803036e-03
7.027614666317266723e-03
7.020220364234153881e-03
7.012839215881623220e-03
7.005471198627162555e-03
6.998116283871047734e-03
6.990774444291347582e-03
6.983445698671886422e-03
6.976129970983241911e-03
6.968827232825727802e-03
6.961537455764412602e-03
6.954260611413400246e-03
6.946996671437263848e-03
6.939745607551722241e-03
6.932507350786850167e-03
6.925281913569171846e-03
6.918069267703346251e-03
6.910869385132428593e-03
6.903682238750487657e-03
6.896507799879254483e-03
6.889346040618107153e-03
6.882196933123484010e-03
6.875060449608156807e-03
6.867936563353337770e-03
6.860825241720502204e-03
6.853726457613842742e-03
6.846640183461062505e-03
6.839566389777252189e-03
6.832505051024883973e-03
6.825456139803062934e-03
6.818419628765185793e-03
6.811395490620520375e-03
6.804383698972818646e-03
6.797384225768787411e-03
6.790397043886383342e-03
6.783422126259534835e-03
6.776459445877919090e-03
