3.125308588446849445e+00
1.061791563064836019e+00
3.326032169096572733e-01
1.236409381237899979e-01
5.610347555548857862e-02
3.042404509910498836e-02
1.951147037038226256e-02
1.455835225568636454e-02
1.222213895370555074e-02
1.109404821543532628e-02
1.054277121243941094e-02
1.027040569060061123e-02
1.013509244272704085e-02
1.006761630015014057e-02
1.003388530043698192e-02
1.001699571387359641e-02
1.000852920990380306e-02
1.000428158890556002e-02
1.000214984982141474e-02
1.000107965455945130e-02
1.000054230855413132e-02
1.000027242070479494e-02
1.000013685171985238e-02
1.000006874890656781e-02
1.000003453717992173e-02
1.000001735066717579e-02
1.000000871659901223e-02
1.000000437916126646e-02
1.000000220009293443e-02
1.000000110534368832e-02
1.000000055533989581e-02
1.000000027901445931e-02
1.000000014018357850e-02
1.000000007043227654e-02
1.000000003538791850e-02
1.000000001778122115e-02
1.000000000893483225e-02
1.000000000448972998e-02
1.000000000225613125e-02
1.000000000113375302e-02
1.000000000056969381e-02
1.000000000028628162e-02
1.000000000014385215e-02
1.000000000007227573e-02
1.000000000003632879e-02
1.000000000001823909e-02
1.000000000000916996e-02
1.000000000000459549e-02
1.000000000000233341e-02
1.000000000000115900e-02
1.000000000000058308e-02
1.000000000000029338e-02
1.000000000000012164e-02
1.000000000000008347e-02
1.000000000000004011e-02
1.000000000000001062e-02
9.999999999999995004e-03
9.999999999999991535e-03
1.000000000000001062e-02
1.000000000000000715e-02
1.000000000000000021e-02
9.999999999999998473e-03
1.000000000000000368e-02
1.000000000000000541e-02
1.000000000000000541e-02
9.999999999999989800e-03
9.999999999999995004e-03
9.999999999999995004e-03
1.000000000000000715e-02
1.000000000000000368e-02
9.999999999999998473e-03
1.000000000000000888e-02
9.999999999999995004e-03
9.999999999999993269e-03
9.999999999999995004e-03
9.999999999999991535e-03
9.999999999999995004e-03
9.999999999999988065e-03
1.000000000000000021e-02
9.999999999999996739e-03
1.000000000000000021e-02
9.999999999999984596e-03
1.000000000000000021e-02
1.000000000000000368e-02
1.000000000000001409e-02
9.999999999999996739e-03
9.999999999999993269e-03
9.999999999999986330e-03
1.000000000000000194e-02
1.000000000000000541e-02
9.999999999999991535e-03
1.000000000000001929e-02
1.000000000000000888e-02
9.999999999999991535e-03
1.000000000000000541e-02
9.999999999999986330e-03
1.000000000000000368e-02
1.000000000000000194e-02
1.000000000000000021e-02
9.999999999999996739e-03
1.000000000000000541e-02
1.000000000000000715e-02
9.999999999999989800e-03
1.000000000000000194e-02
1.000000000000000021e-02
1.000000000000001062e-02
1.000000000000000715e-02
9.999999999999998473e-03
1.000000000000000021e-02
9.999999999999989800e-03
9.999999999999993269e-03
1.000000000000000194e-02
9.999999999999998473e-03
1.000000000000000368e-02
9.999999999999996739e-03
1.000000000000000715e-02
1.000000000000000541e-02
9.999999999999991535e-03
9.999999999999995004e-03
9.999999999999986330e-03
9.999999999999998473e-03
9.999999999999998473e-03
9.999999999999998473e-03
1.000000000000000888e-02
9.999999999999996739e-03
9.999999999999993269e-03
1.000000000000000368e-02
1.000000000000000541e-02
9.999999999999998473e-03
9.999999999999998473e-03
1.000000000000000194e-02
1.000000000000000888e-02
9.999999999999989800e-03
1.000000000000001235e-02
1.000000000000000021e-02
1.000000000000000194e-02
9.999999999999986330e-03
1.000000000000001235e-02
1.000000000000000541e-02
9.999999999999989800e-03
1.000000000000000541e-02
9.999999999999998473e-03
9.999999999999996739e-03
9.999999999999996739e-03
1.000000000000000541e-02
1.000000000000000194e-02
1.000000000000000541e-02
9.999999999999996739e-03
9.999999999999998473e-03
1.000000000000000541e-02
1.000000000000000541e-02
1.000000000000000368e-02
9.999999999999996739e-03
1.000000000000000021e-02
9.999999999999998473e-03
1.000000000000000715e-02
1.000000000000001062e-02
9.999999999999996739e-03
9.999999999999989800e-03
1.000000000000000021e-02
1.000000000000000194e-02
9.999999999999996739e-03
9.999999999999998473e-03
1.000000000000000194e-02
9.999999999999993269e-03
9.999999999999998473e-03
1.000000000000000541e-02
9.999999999999996739e-03
9.999999999999993269e-03
1.000000000000000021e-02
1.000000000000000541e-02
1.000000000000000194e-02
9.999999999999989800e-03
1.000000000000000194e-02
1.000000000000000194e-02
9.999999999999995004e-03
1.000000000000000368e-02
9.999999999999996739e-03
9.999999999999996739e-03
1.000000000000000021e-02
9.999999999999996739e-03
1.000000000000000194e-02
1.000000000000000021e-02
1.000000000000000194e-02
1.000000000000000715e-02
1.000000000000000715e-02
1.000000000000000715e-02
1.000000000000000021e-02
1.000000000000000368e-02
9.999999999999996739e-03
1.000000000000000715e-02
1.000000000000000194e-02
9.999999999999995004e-03
9.999999999999998473e-03
9.999999999999998473e-03
1.000000000000000021e-02
9.999999999999998473e-03
1.000000000000000368e-02
1.000000000000001062e-02
9.999999999999998473e-03
9.999999999999995004e-03
1.000000000000001235e-02
1.000000000000000021e-02
1.000000000000000368e-02
1.000000000000001235e-02
1.000000000000000715e-02
9.999999999999998473e-03
1.000000000000000194e-02
9.999999999999995004e-03
1.000000000000000541e-02
9.999999999999993269e-03
1.000000000000000368e-02
1.000000000000000194e-02
9.999999999999993269e-03
1.000000000000000368e-02
1.000000000000000194e-02
1.000000000000000368e-02
1.000000000000000368e-02
9.999999999999995004e-03
9.999999999999998473e-03
9.999999999999995004e-03
9.999999999999998473e-03
1.000000000000000368e-02
1.000000000000000715e-02
9.999999999999991535e-03
1.000000000000000021e-02
9.999999999999995004e-03
9.999999999999996739e-03
9.999999999999996739e-03
9.999999999999996739e-03
9.999999999999996739e-03
9.999999999999998473e-03
1.000000000000000368e-02
9.999999999999995004e-03
1.000000000000000368e-02
1.000000000000000368e-02
9.999999999999993269e-03
9.999999999999998473e-03
1.000000000000000541e-02
9.999999999999995004e-03
1.000000000000000021e-02
1.000000000000000715e-02
1.000000000000000021e-02
9.999999999999998473e-03
9.999999999999998473e-03
1.000000000000000021e-02
9.999999999999995004e-03
1.000000000000000368e-02
1.000000000000000368e-02
1.000000000000000021e-02
1.000000000000000021e-02
9.999999999999998473e-03
9.999999999999995004e-03
9.999999999999998473e-03
9.999999999999995004e-03
9.999999999999996739e-03
9.999999999999991535e-03
9.999999999999998473e-03
9.999999999999998473e-03
9.999999999999998473e-03
1.000000000000000021e-02
1.000000000000000715e-02
9.999999999999995004e-03
1.000000000000000021e-02
1.000000000000000021e-02
9.999999999999998473e-03
9.999999999999993269e-03
9.999999999999993269e-03
1.000000000000000194e-02
1.000000000000000021e-02
1.000000000000000368e-02
1.000000000000000541e-02
1.000000000000000541e-02
9.999999999999998473e-03
1.000000000000000021e-02
1.000000000000000368e-02
1.000000000000000368e-02
1.000000000000000021e-02
1.000000000000000194e-02
1.000000000000000541e-02
1.000000000000000021e-02
1.000000000000000021e-02
9.999999999999998473e-03
9.999999999999998473e-03
1.000000000000000368e-02
9.999999999999996739e-03
1.000000000000000368e-02
9.999999999999993269e-03
1.000000000000000541e-02
1.000000000000000541e-02
1.000000000000000368e-02
9.999999999999996739e-03
1.000000000000000715e-02
1.000000000000000194e-02
9.999999999999991535e-03
9.999999999999998473e-03
9.999999999999995004e-03
9.999999999999995004e-03
9.999999999999996739e-03
1.000000000000000021e-02
1.000000000000000541e-02
9.999999999999998473e-03
9.999999999999998473e-03
1.000000000000001062e-02
9.999999999999993269e-03
9.999999999999993269e-03
1.000000000000000194e-02
1.000000000000000541e-02
1.000000000000000021e-02
1.000000000000000541e-02
1.000000000000000368e-02
1.000000000000000368e-02
1.000000000000000368e-02
1.000000000000000368e-02
1.000000000000000368e-02
1.000000000000000368e-02
1.000000000000000194e-02
9.999999999999998473e-03
1.000000000000000541e-02
1.000000000000000541e-02
9.999999999999986330e-03
1.000000000000000541e-02
9.999999999999998473e-03
9.999999999999993269e-03
9.999999999999995004e-03
1.000000000000000021e-02
9.999999999999995004e-03
1.000000000000000194e-02
9.999999999999998473e-03
1.000000000000000021e-02
1.000000000000000368e-02
9.999999999999993269e-03
9.999999999999995004e-03
1.000000000000000021e-02
1.000000000000000368e-02
9.999999999999996739e-03
9.999999999999995004e-03
1.000000000000000194e-02
9.999999999999995004e-03
1.000000000000000021e-02
1.000000000000000541e-02
9.999999999999998473e-03
1.000000000000000541e-02
1.000000000000000368e-02
1.000000000000000715e-02
1.000000000000000368e-02
1.000000000000000194e-02
9.999999999999998473e-03
1.000000000000000541e-02
1.000000000000000368e-02
9.999999999999989800e-03
1.000000000000000194e-02
9.999999999999998473e-03
1.000000000000000541e-02
9.999999999999996739e-03
1.000000000000000194e-02
9.999999999999995004e-03
1.000000000000000368e-02
9.999999999999996739e-03
9.999999999999996739e-03
9.999999999999998473e-03
9.999999999999998473e-03
1.000000000000000021e-02
1.000000000000000021e-02
9.999999999999998473e-03
9.999999999999998473e-03
1.000000000000000368e-02
1.000000000000000021e-02
9.999999999999998473e-03
1.000000000000000368e-02
1.000000000000000021e-02
9.999999999999993269e-03
9.999999999999996739e-03
9.999999999999995004e-03
1.000000000000000368e-02
1.000000000000000021e-02
1.000000000000000541e-02
1.000000000000000368e-02
1.000000000000000021e-02
1.000000000000000021e-02
1.000000000000000194e-02
9.999999999999993269e-03
1.000000000000000194e-02
9.999999999999998473e-03
9.999999999999996739e-03
1.000000000000000368e-02
1.000000000000000194e-02
9.999999999999996739e-03
9.999999999999993269e-03
1.000000000000000715e-02
1.000000000000000368e-02
9.999999999999996739e-03
1.000000000000000021e-02
9.999999999999996739e-03
9.999999999999998473e-03
9.999999999999993269e-03
9.999999999999998473e-03
1.000000000000000368e-02
1.000000000000000541e-02
1.000000000000000194e-02
9.999999999999996739e-03
1.000000000000000368e-02
1.000000000000000194e-02
1.000000000000000715e-02
9.999999999999996739e-03
9.999999999999996739e-03
1.000000000000000021e-02
9.999999999999996739e-03
1.000000000000000194e-02
9.999999999999996739e-03
9.999999999999996739e-03
1.000000000000000541e-02
1.000000000000000368e-02
1.000000000000000021e-02
9.999999999999995004e-03
1.000000000000000021e-02
1.000000000000000194e-02
9.999999999999991535e-03
9.999999999999998473e-03
1.000000000000000021e-02
1.000000000000000021e-02
9.999999999999995004e-03
1.000000000000000194e-02
1.000000000000000541e-02
1.000000000000000194e-02
1.000000000000000194e-02
1.000000000000000368e-02
1.000000000000000715e-02
9.999999999999996739e-03
1.000000000000000021e-02
9.999999999999995004e-03
9.999999999999998473e-03
1.000000000000000021e-02
9.999999999999995004e-03
9.999999999999995004e-03
9.999999999999995004e-03
9.999999999999996739e-03
1.000000000000000368e-02
1.000000000000000021e-02
1.000000000000000194e-02
1.000000000000000021e-02
9.999999999999996739e-03
9.999999999999998473e-03
1.000000000000000021e-02
9.999999999999995004e-03
9.999999999999995004e-03
9.999999999999996739e-03
9.999999999999996739e-03
9.999999999999998473e-03
9.999999999999996739e-03
1.000000000000000194e-02
1.000000000000000194e-02
1.000000000000000368e-02
1.000000000000000368e-02
9.999999999999996739e-03
1.000000000000000888e-02
9.999999999999996739e-03
1.000000000000000194e-02
1.000000000000000368e-02
1.000000000000000541e-02
9.999999999999993269e-03
9.999999999999998473e-03
1.000000000000000541e-02
9.999999999999998473e-03
9.999999999999998473e-03
1.000000000000000021e-02
9.999999999999998473e-03
9.999999999999996739e-03
1.000000000000000368e-02
1.000000000000000368e-02
1.000000000000000368e-02
1.000000000000000021e-02
1.000000000000000021e-02
1.000000000000000194e-02
9.999999999999998473e-03
9.999999999999995004e-03
1.000000000000000541e-02
1.000000000000000368e-02
1.000000000000000021e-02
1.000000000000000541e-02
9.999999999999998473e-03
1.000000000000000715e-02
9.999999999999998473e-03
9.999999999999998473e-03
1.000000000000000541e-02
9.999999999999996739e-03
1.000000000000001235e-02
9.999999999999995004e-03
9.999999999999998473e-03
1.000000000000000541e-02
9.999999999999995004e-03
9.999999999999996739e-03
1.000000000000000021e-02
1.000000000000000021e-02
9.999999999999998473e-03
1.000000000000000021e-02
1.000000000000000368e-02
9.999999999999998473e-03
9.999999999999998473e-03
9.999999999999995004e-03
1.000000000000000021e-02
1.000000000000000194e-02
9.999999999999996739e-03
1.000000000000000194e-02
1.000000000000000368e-02
1.000000000000000715e-02
9.999999999999991535e-03
9.999999999999996739e-03
1.000000000000000368e-02
9.999999999999995004e-03
9.999999999999995004e-03
9.999999999999996739e-03
9.999999999999998473e-03
9.999999999999996739e-03
9.999999999999995004e-03
9.999999999999996739e-03
9.999999999999995004e-03
1.000000000000000368e-02
1.000000000000000021e-02
9.999999999999993269e-03
1.000000000000000368e-02
1.000000000000001062e-02
1.000000000000000194e-02
1.000000000000000715e-02
1.000000000000000368e-02
1.000000000000000021e-02
1.000000000000000541e-02
1.000000000000000368e-02
9.999999999999996739e-03
9.999999999999998473e-03
1.000000000000000368e-02
9.999999999999998473e-03
1.000000000000000368e-02
1.000000000000000368e-02
1.000000000000000021e-02
9.999999999999995004e-03
1.000000000000000021e-02
1.000000000000000888e-02
9.999999999999991535e-03
9.999999999999996739e-03
9.999999999999996739e-03
1.000000000000000368e-02
1.000000000000000021e-02
1.000000000000000194e-02
1.000000000000000368e-02
1.000000000000000194e-02
1.000000000000000021e-02
9.999999999999998473e-03
1.000000000000000194e-02
1.000000000000000021e-02
9.999999999999998473e-03
1.000000000000000194e-02
1.000000000000000194e-02
1.000000000000000368e-02
1.000000000000000368e-02
9.999999999999995004e-03
1.000000000000001062e-02
1.000000000000000541e-02
1.000000000000000021e-02
1.000000000000000368e-02
1.000000000000000021e-02
1.000000000000000715e-02
1.000000000000000368e-02
9.999999999999996739e-03
1.000000000000000021e-02
1.000000000000000368e-02
9.999999999999998473e-03
1.000000000000000368e-02
9.999999999999991535e-03
9.999999999999996739e-03
1.000000000000000368e-02
9.999999999999996739e-03
1.000000000000000541e-02
9.999999999999996739e-03
9.999999999999995004e-03
1.000000000000000368e-02
1.000000000000000368e-02
1.000000000000000194e-02
1.000000000000000021e-02
1.000000000000000541e-02
9.999999999999998473e-03
1.000000000000000021e-02
1.000000000000000021e-02
1.000000000000000021e-02
1.000000000000000021e-02
1.000000000000000541e-02
9.999999999999996739e-03
1.000000000000000368e-02
9.999999999999998473e-03
9.999999999999998473e-03
1.000000000000000368e-02
1.000000000000000021e-02
1.000000000000000368e-02
1.000000000000000368e-02
1.000000000000000021e-02
9.999999999999996739e-03
9.999999999999993269e-03
1.000000000000000021e-02
9.999999999999993269e-03
1.000000000000000021e-02
9.999999999999996739e-03
1.000000000000000194e-02
9.999999999999995004e-03
1.000000000000000021e-02
9.999999999999995004e-03
1.000000000000000888e-02
1.000000000000000888e-02
1.000000000000000368e-02
1.000000000000000541e-02
1.000000000000000541e-02
9.999999999999996739e-03
1.000000000000000021e-02
1.000000000000000541e-02
9.999999999999995004e-03
1.000000000000000194e-02
1.000000000000000368e-02
9.999999999999995004e-03
9.999999999999998473e-03
9.999999999999996739e-03
1.000000000000000021e-02
1.000000000000000368e-02
1.000000000000000194e-02
9.999999999999991535e-03
1.000000000000000368e-02
1.000000000000000021e-02
9.999999999999998473e-03
1.000000000000000021e-02
1.000000000000000541e-02
1.000000000000000368e-02
9.999999999999993269e-03
9.999999999999996739e-03
9.999999999999998473e-03
1.000000000000000194e-02
1.000000000000000021e-02
9.999999999999995004e-03
9.999999999999998473e-03
1.000000000000000368e-02
1.000000000000000021e-02
9.999999999999996739e-03
1.000000000000000368e-02
1.000000000000000021e-02
1.000000000000000541e-02
1.000000000000000368e-02
1.000000000000000368e-02
1.000000000000000021e-02
1.000000000000000715e-02
1.000000000000000021e-02
9.999999999999993269e-03
1.000000000000000021e-02
1.000000000000001409e-02
9.999999999999996739e-03
9.999999999999993269e-03
1.000000000000000194e-02
1.000000000000000368e-02
1.000000000000000021e-02
1.000000000000000541e-02
9.999999999999995004e-03
1.000000000000000021e-02
1.000000000000000021e-02
1.000000000000000368e-02
1.000000000000000368e-02
1.000000000000000715e-02
1.000000000000000888e-02
9.999999999999998473e-03
1.000000000000000194e-02
1.000000000000000541e-02
9.999999999999996739e-03
9.999999999999993269e-03
9.999999999999998473e-03
1.000000000000000888e-02
1.000000000000000021e-02
1.000000000000000021e-02
1.000000000000000021e-02
1.000000000000000021e-02
9.999999999999993269e-03
9.999999999999998473e-03
1.000000000000000021e-02
1.000000000000000368e-02
1.000000000000000021e-02
9.999999999999995004e-03
1.000000000000000021e-02
1.000000000000000368e-02
1.000000000000000021e-02
9.999999999999996739e-03
1.000000000000000021e-02
9.999999999999998473e-03
1.000000000000000021e-02
9.999999999999998473e-03
9.999999999999996739e-03
9.999999999999996739e-03
1.000000000000000541e-02
9.999999999999993269e-03
1.000000000000000541e-02
9.999999999999993269e-03
9.999999999999993269e-03
9.999999999999996739e-03
1.000000000000000021e-02
9.999999999999995004e-03
9.999999999999996739e-03
1.000000000000000715e-02
1.000000000000000541e-02
9.999999999999998473e-03
9.999999999999996739e-03
9.999999999999996739e-03
9.999999999999993269e-03
9.999999999999998473e-03
9.999999999999995004e-03
9.999999999999995004e-03
1.000000000000000541e-02
1.000000000000000021e-02
9.999999999999998473e-03
1.000000000000000021e-02
9.999999999999989800e-03
1.000000000000000194e-02
1.000000000000000194e-02
9.999999999999996739e-03
1.000000000000000194e-02
1.000000000000000194e-02
1.000000000000000194e-02
9.999999999999998473e-03
1.000000000000000021e-02
9.999999999999998473e-03
9.999999999999996739e-03
9.999999999999998473e-03
9.999999999999991535e-03
9.999999999999995004e-03
9.999999999999996739e-03
1.000000000000000715e-02
1.000000000000000194e-02
1.000000000000000715e-02
1.000000000000000194e-02
1.000000000000000021e-02
9.999999999999995004e-03
1.000000000000000368e-02
1.000000000000000021e-02
1.000000000000000368e-02
1.000000000000000021e-02
1.000000000000000021e-02
9.999999999999995004e-03
9.999999999999996739e-03
1.000000000000000888e-02
1.000000000000000021e-02
1.000000000000000368e-02
9.999999999999996739e-03
1.000000000000000194e-02
9.999999999999996739e-03
1.000000000000000541e-02
1.000000000000000021e-02
9.999999999999998473e-03
1.000000000000000368e-02
9.999999999999998473e-03
9.999999999999995004e-03
1.000000000000000194e-02
9.999999999999998473e-03
1.000000000000000021e-02
1.000000000000000021e-02
1.000000000000000368e-02
9.999999999999993269e-03
1.000000000000000021e-02
1.000000000000000021e-02
1.000000000000000541e-02
1.000000000000000541e-02
9.999999999999998473e-03
9.999999999999996739e-03
1.000000000000000021e-02
9.999999999999995004e-03
1.000000000000000368e-02
1.000000000000000715e-02
1.000000000000000541e-02
1.000000000000000888e-02
9.999999999999996739e-03
9.999999999999993269e-03
9.999999999999996739e-03
9.999999999999998473e-03
1.000000000000000368e-02
1.000000000000000368e-02
9.999999999999993269e-03
9.999999999999998473e-03
1.000000000000000368e-02
9.999999999999998473e-03
1.000000000000000021e-02
9.999999999999995004e-03
1.000000000000000021e-02
9.999999999999998473e-03
1.000000000000000021e-02
9.999999999999996739e-03
9.999999999999998473e-03
1.000000000000000541e-02
9.999999999999996739e-03
9.999999999999996739e-03
9.999999999999998473e-03
1.000000000000000368e-02
1.000000000000000368e-02
1.000000000000000021e-02
1.000000000000000021e-02
1.000000000000000194e-02
1.000000000000000021e-02
1.000000000000000368e-02
1.000000000000000715e-02
1.000000000000000888e-02
1.000000000000000194e-02
9.999999999999996739e-03
9.999999999999998473e-03
1.000000000000000021e-02
1.000000000000000021e-02
9.999999999999996739e-03
9.999999999999996739e-03
9.999999999999998473e-03
1.000000000000000021e-02
1.000000000000000021e-02
1.000000000000000541e-02
9.999999999999993269e-03
9.999999999999998473e-03
9.999999999999998473e-03
1.000000000000000541e-02
1.000000000000000715e-02
1.000000000000000021e-02
1.000000000000000194e-02
1.000000000000000194e-02
1.000000000000000888e-02
9.999999999999995004e-03
9.999999999999989800e-03
9.999999999999998473e-03
9.999999999999996739e-03
1.000000000000000541e-02
9.999999999999995004e-03
9.999999999999991535e-03
9.999999999999995004e-03
1.000000000000001235e-02
9.999999999999989800e-03
1.000000000000000194e-02
9.999999999999993269e-03
1.000000000000000021e-02
1.000000000000000888e-02
1.000000000000000021e-02
1.000000000000000541e-02
9.999999999999998473e-03
9.999999999999998473e-03
1.000000000000000368e-02
1.000000000000000541e-02
9.999999999999995004e-03
1.000000000000000021e-02
9.999999999999998473e-03
9.999999999999996739e-03
9.999999999999998473e-03
9.999999999999993269e-03
1.000000000000000021e-02
9.999999999999996739e-03
1.000000000000000021e-02
9.999999999999998473e-03
1.000000000000000368e-02
1.000000000000000194e-02
9.999999999999995004e-03
1.000000000000000368e-02
9.999999999999991535e-03
9.999999999999996739e-03
1.000000000000000368e-02
9.999999999999995004e-03
9.999999999999996739e-03
1.000000000000000368e-02
9.999999999999993269e-03
1.000000000000000194e-02
1.000000000000000021e-02
1.000000000000000194e-02
1.000000000000000021e-02
1.000000000000000021e-02
1.000000000000000368e-02
1.000000000000000368e-02
9.999999999999998473e-03
9.999999999999991535e-03
9.999999999999996739e-03
1.000000000000000715e-02
9.999999999999998473e-03
1.000000000000000021e-02
1.000000000000000021e-02
1.000000000000000541e-02
9.999999999999995004e-03
9.999999999999989800e-03
1.000000000000000368e-02
9.999999999999996739e-03
1.000000000000000194e-02
1.000000000000000368e-02
1.000000000000000368e-02
1.000000000000000021e-02
9.999999999999998473e-03
9.999999999999998473e-03
1.000000000000000021e-02
1.000000000000000021e-02
1.000000000000000368e-02
1.000000000000000368e-02
1.000000000000000021e-02
9.999999999999993269e-03
1.000000000000000021e-02
1.000000000000000021e-02
9.999999999999996739e-03
9.999999999999993269e-03
9.999999999999996739e-03
1.000000000000000368e-02
1.000000000000000194e-02
9.999999999999995004e-03
1.000000000000000368e-02
1.000000000000000368e-02
9.999999999999996739e-03
1.000000000000000541e-02
1.000000000000000368e-02
1.000000000000000021e-02
9.999999999999998473e-03
9.999999999999996739e-03
9.999999999999998473e-03
1.000000000000000368e-02
1.000000000000000021e-02
9.999999999999998473e-03
1.000000000000000021e-02
9.999999999999991535e-03
9.999999999999998473e-03
9.999999999999998473e-03
1.000000000000000021e-02
1.000000000000000021e-02
1.000000000000000194e-02
1.000000000000000021e-02
1.000000000000000021e-02
1.000000000000000368e-02
1.000000000000000021e-02
1.000000000000000715e-02
1.000000000000000888e-02
9.999999999999995004e-03
1.000000000000000021e-02
1.000000000000000021e-02
1.000000000000000541e-02
9.999999999999998473e-03
1.000000000000000021e-02
1.000000000000001409e-02
1.000000000000000368e-02
9.999999999999996739e-03
1.000000000000000021e-02
1.000000000000000368e-02
1.000000000000000368e-02
9.999999999999995004e-03
9.999999999999998473e-03
1.000000000000000021e-02
9.999999999999996739e-03
9.999999999999998473e-03
9.999999999999996739e-03
1.000000000000000368e-02
1.000000000000000021e-02
9.999999999999996739e-03
1.000000000000000194e-02
1.000000000000000194e-02
1.000000000000001062e-02
1.000000000000000368e-02
9.999999999999998473e-03
9.999999999999998473e-03
1.000000000000000368e-02
9.999999999999998473e-03
9.999999999999998473e-03
1.000000000000000715e-02
1.000000000000000021e-02
1.000000000000000021e-02
1.000000000000000715e-02
1.000000000000000021e-02
9.999999999999998473e-03
9.999999999999995004e-03
1.000000000000000888e-02
9.999999999999995004e-03
1.000000000000000368e-02
1.000000000000000888e-02
1.000000000000000194e-02
1.000000000000000715e-02
1.000000000000000541e-02
1.000000000000001062e-02
1.000000000000000541e-02
9.999999999999996739e-03
1.000000000000000021e-02
1.000000000000000194e-02
9.999999999999998473e-03
1.000000000000000194e-02
9.999999999999995004e-03
9.999999999999995004e-03
1.000000000000000541e-02
9.999999999999998473e-03
1.000000000000000021e-02
1.000000000000000715e-02
9.999999999999996739e-03
9.999999999999993269e-03
1.000000000000000888e-02
1.000000000000001062e-02
9.999999999999996739e-03
1.000000000000000194e-02
9.999999999999993269e-03
1.000000000000000368e-02
1.000000000000000368e-02
1.000000000000000368e-02
9.999999999999995004e-03
1.000000000000000368e-02
1.000000000000000194e-02
1.000000000000001062e-02
1.000000000000000194e-02
9.999999999999998473e-03
1.000000000000000541e-02
9.999999999999996739e-03
