5.751253280453211048e+00
5.511945318618257872e+00
5.287814888918730638e+00
5.079465835593993894e+00
4.885685375693322285e+00
4.705418151174900920e+00
4.537642099750817337e+00
4.381296630891811539e+00
4.235318626435694789e+00
4.098704061273917176e+00
3.970511396753850342e+00
3.849924939116041056e+00
3.736221511092848058e+00
3.628767879444898536e+00
3.527015344631137417e+00
3.430483292392933592e+00
3.338751498773398385e+00
3.251448248753198822e+00
3.168243658589401157e+00
3.088843350963424772e+00
3.012982961166886575e+00
2.940423206501709519e+00
2.870948419554707698e+00
2.804362368131056549e+00
2.740484745349281326e+00
2.679151008123424216e+00
2.620210882057396162e+00
2.563524102759509038e+00
2.508962592729743424e+00
2.456408573162227160e+00
2.405750621412217516e+00
2.356887429829732650e+00
2.309724867614816990e+00
2.264175382290913419e+00
2.220155356424742266e+00
2.177589259115311204e+00
2.136405448315197297e+00
2.096536381380922798e+00
2.057919834914472723e+00
2.020497008505545367e+00
1.984212764652497407e+00
1.949015823634578704e+00
1.914857406938606843e+00
1.881691747103325429e+00
1.849475552597222405e+00
1.818168415439518792e+00
1.787732303287241198e+00
1.758130790778216879e+00
1.729329117269261751e+00
1.701296166590062553e+00
1.674000356370915377e+00
1.647412795899237059e+00
1.621507078080976383e+00
1.596256154236266767e+00
1.571635102295259268e+00
1.547620521715976194e+00
1.524190996898925343e+00
1.501324940620261561e+00
1.479001914961739050e+00
1.457202296098436767e+00
1.435908171554665325e+00
1.415101906416751154e+00
1.394766812448156257e+00
1.374886839380823789e+00
1.355446912815122529e+00
1.336432475219663241e+00
1.317829658748151722e+00
1.299625280026379448e+00
1.281806437684037459e+00
1.264360681773133210e+00
1.247277045820427865e+00
1.230544025271737896e+00
1.214150897300358745e+00
1.198086911677468835e+00
1.182342507710066437e+00
1.166908508061747174e+00
1.151775848267974522e+00
1.136936122728267051e+00
1.122380494610190960e+00
1.108100848293815721e+00
1.094089177021489556e+00
1.080338740581194168e+00
1.066841560869399075e+00
1.053590759445875991e+00
1.040579897746997329e+00
1.027802551029626699e+00
1.015252505227809632e+00
1.002924625150656279e+00
9.908122735222041344e-01
9.789100607559927392e-01
9.672125882739042169e-01
9.557139211305359927e-01
9.444097805625945030e-01
9.332953253848216280e-01
9.223665957743258925e-01
9.116182502464443838e-01
9.010460364807048039e-01
8.906457996941414823e-01
8.804133479563194253e-01
8.703446684614737361e-01
8.604354363941406625e-01
8.506825520371582572e-01
8.410824485575045806e-01
8.316316226439057768e-01
8.223267001321906688e-01
8.131644140847175128e-01
8.041416244165376925e-01
7.952552778529990984e-01
7.865022972146709090e-01
7.778799189264004044e-01
7.693852716050020302e-01
7.610155843638577444e-01
7.527682992525995820e-01
7.446407437642221794e-01
7.366298057557774115e-01
7.287338482579032162e-01
7.209506573243348315e-01
7.132776155585472955e-01
7.057124951516180467e-01
6.982531294191030025e-01
6.908974217571156595e-01
6.836433084064786891e-01
6.764888391185328587e-01
6.694320352442530986e-01
6.624710087979768236e-01
6.556038792369365265e-01
6.488289168212163505e-01
6.421443578753162074e-01
6.355483633727800896e-01
6.290394255012665692e-01
6.226158890489511544e-01
6.162764174048018795e-01
6.100192158618827909e-01
6.038429193877062895e-01
5.977459931958940542e-01
5.917269761607768519e-01
5.857846202602731145e-01
5.799174884241439232e-01
5.741242492321357860e-01
5.684036335163943354e-01
5.627543844973778020e-01
5.571751801103331792e-01
5.516650211475910837e-01
5.462225277014600699e-01
5.408467947137749476e-01
5.355365685067079440e-01
5.302907389967007612e-01
5.251082700224074529e-01
5.199881099826835218e-01
5.149292598746343375e-01
5.099306996562360528e-01
5.049914891843670928e-01
5.001106590504504901e-01
4.952872833138602937e-01
4.905204501957879382e-01
4.858092680772989613e-01
4.811528571427052814e-01
4.765503826896869133e-01
4.720009978659734373e-01
4.675039021784688220e-01
4.630579467531120708e-01
4.586630355743986920e-01
4.543180500891511042e-01
4.500222606670170045e-01
4.457748861811364205e-01
4.415751760710014961e-01
4.374224288896674251e-01
4.333159619688634057e-01
4.292551553608442427e-01
4.252395477718650119e-01
4.212682895576627118e-01
4.173407571851070474e-01
4.134563183085056548e-01
4.096143209971829791e-01
4.058141946838022540e-01
4.020553495414461165e-01
3.983372098775269099e-01
3.946592075976236846e-01
3.910207868630999894e-01
3.874214027298111263e-01
3.838605203151391754e-01
3.803376145817534137e-01
3.768521703372351150e-01
3.734036800512092191e-01
3.699911067226543948e-01
3.666145379420856498e-01
3.632734982353686970e-01
3.599675096257841656e-01
3.566961090122569566e-01
3.534592586317716889e-01
3.502560714235483097e-01
3.470861097845125420e-01
3.439489479451448561e-01
3.408441591767903955e-01
3.377713296369632134e-01
3.347300475349209159e-01
3.317199151643314137e-01
3.287404351253376267e-01
3.257913071080763001e-01
3.228721508148135189e-01
3.199826352369311011e-01
3.171224883682050577e-01
3.142912291662846580e-01
3.114885000464998610e-01
3.087138529609368409e-01
3.059670613322145738e-01
3.032477431925842959e-01
3.005555643089176665e-01
2.978902031598537614e-01
2.952515607681987508e-01
2.926390869812976470e-01
2.900525239102810238e-01
2.874915371999975378e-01
2.849558526147301096e-01
2.824451395544411159e-01
2.799590916572331500e-01
2.774974340540199425e-01
2.750598836006287184e-01
2.726461528406045054e-01
2.702559823864144617e-01
2.678890980667777977e-01
2.655452262518612216e-01
2.632241011415258902e-01
2.609254753178020247e-01
2.586490845616011836e-01
2.563946287429983428e-01
2.541619609049518558e-01
2.519507861701811846e-01
2.497608773635960067e-01
2.475919763479250413e-01
2.454438544414448975e-01
2.433162910353771080e-01
2.412090617634413126e-01
2.391219386258097435e-01
2.370546965319985100e-01
2.350071115836311342e-01
2.329789530435691647e-01
2.309700593443837768e-01
2.289801977898371366e-01
2.270091676332723629e-01
2.250567582702806824e-01
2.231227746253854338e-01
2.212070171034172250e-01
2.193092914253298997e-01
2.174294046104805755e-01
2.155671640068700934e-01
2.137224081070287496e-01
2.118948995939491653e-01
2.100844898080309608e-01
2.082909894281907148e-01
2.065142258025694233e-01
2.047540071649621984e-01
2.030101884500536413e-01
2.012825955410043333e-01
1.995710564549399435e-01
1.978753290903914608e-01
1.961953207372933161e-01
1.945308669173546057e-01
1.928818056999078712e-01
1.912479826790405568e-01
1.896292546968665338e-01
1.880254338964796601e-01
1.864365162657628805e-01
1.848622267224394322e-01
1.833024093610917393e-01
1.817569455903308706e-01
1.802256804381864586e-01
1.787084610664061435e-01
1.772051470890123881e-01
1.757156042298788634e-01
1.742396661840915906e-01
1.727772363152692559e-01
1.713281541312865197e-01
1.698922972443834278e-01
1.684695362476466840e-01
1.670597562312945705e-01
1.656627990093421099e-01
1.642785680209823962e-01
1.629069087636899893e-01
1.615477130617848089e-01
1.602008751231977779e-01
1.588662457097576863e-01
1.575437216713574118e-01
1.562331824494819499e-01
1.549345155384593276e-01
1.536476019491331557e-01
1.523723312105154659e-01
1.511085912220083705e-01
1.498562688318071934e-01
1.486152563490714118e-01
1.473854449973793779e-01
1.461667278255966707e-01
1.449589988855247147e-01
1.437621514439121340e-01
1.425760889812226484e-01
1.414007805874505364e-01
1.402360466874126577e-01
1.390817116129738629e-01
1.379377487186837781e-01
1.368040664576530285e-01
1.356805662416790126e-01
1.345671521600564080e-01
1.334637298436721631e-01
1.323702036177619723e-01
1.312864817577441556e-01
1.302124710048779554e-01
1.291480923457276331e-01
1.280932327583941266e-01
1.270478222892386100e-01
1.260117577868301586e-01
1.249849585049982448e-01
1.239673418757143153e-01
1.229588247570501808e-01
1.219593228698361703e-01
1.209687488918908399e-01
1.199870275409512521e-01
1.190140822633018597e-01
1.180498159777581824e-01
1.170941294976944047e-01
1.161469604110727943e-01
1.152082292576484118e-01
1.142778585622475362e-01
1.133557714534408623e-01
1.124418737085124964e-01
1.115361262760625194e-01
1.106380917003892267e-01
1.097483892508183262e-01
1.088666190127465100e-01
1.079926648831853325e-01
1.071264773785443464e-01
1.062679848012998557e-01
1.054171166732519732e-01
1.045738136545151242e-01
1.037379881668337167e-01
1.029095820218031837e-01
1.020885265481651372e-01
1.012747550971969945e-01
1.004682028917665837e-01
9.966880248070265902e-02
9.887649074742801969e-02
9.809120210949638652e-02
9.731287353200669676e-02
9.654144207197515315e-02
9.577684538667791125e-02
9.501902174748534657e-02
9.426791002473161596e-02
9.352344968067258235e-02
9.278558076927410914e-02
9.205424392272396061e-02
9.132938034444945674e-02
9.061093180937229707e-02
8.989884065110945177e-02
8.919304975752168074e-02
8.849350256440136064e-02
8.780014304925257140e-02
8.711291572516320636e-02
8.643176563476576146e-02
8.575663806481174933e-02
8.508747938929245302e-02
8.442423618889857706e-02
8.376685556693466705e-02
8.311528514164757964e-02
8.246947371584376074e-02
8.182936844203099469e-02
8.119491987863557136e-02
8.056607657346606666e-02
7.994278836823315304e-02
7.932500617769176754e-02
7.871268127326845609e-02
7.810575684632491134e-02
7.750419548204526277e-02
7.690795883696451007e-02
7.631698050929849875e-02
7.573122058637901666e-02
7.515062807284889068e-02
7.457517205013612649e-02
7.400479153732958393e-02
7.343944673101382437e-02
7.287909279671082874e-02
7.232368510428793806e-02
7.177318613938753200e-02
7.122754065618425168e-02
7.068671170901964784e-02
7.015065639723287727e-02
6.961933808103881738e-02
6.909270360528149690e-02
6.857071771034102536e-02
6.805334374695735933e-02
6.754053079659647074e-02
6.703224341398568431e-02
6.652844227419986434e-02
6.602908683717285954e-02
6.553413835943684707e-02
6.504355791316608626e-02
6.455730742427961966e-02
6.407534785551299850e-02
6.359764177403239016e-02
6.312414894483449335e-02
6.265447360982642766e-02
6.218895365232722516e-02
6.172787265249931460e-02
6.127088457932249738e-02
6.081792914518652227e-02
6.036897128828075387e-02
5.992397591967996845e-02
5.948290832414222101e-02
5.904573348471407052e-02
5.861241709876529454e-02
5.818292533138136324e-02
5.775722438955864513e-02
5.733528121328325400e-02
5.691706239608759765e-02
5.650253560332215569e-02
5.609166760923615241e-02
5.568441177205099568e-02
5.528075783139375227e-02
5.488066267691706773e-02
5.448410177109851843e-02
5.409103727545995499e-02
5.370144214825649936e-02
5.331528674421701086e-02
5.293253980381286417e-02
5.255317100100102140e-02
5.217715579007409232e-02
5.180446092331732894e-02
5.143505832325283994e-02
5.106891589978592577e-02
5.070600837864675664e-02
5.034630865720066129e-02
4.998978545303288390e-02
4.963641556176077996e-02
4.928616659565454583e-02
4.893901276499148384e-02
4.859492696677401857e-02
4.825388246524367486e-02
4.791584978437932185e-02
4.758080809345145018e-02
4.724873296213219498e-02
4.691959245383114929e-02
4.659336071853482919e-02
4.627001221788754060e-02
4.594952143839592384e-02
4.563186348381981922e-02
4.531701347430381471e-02
4.500494632774122011e-02
4.469563805505141069e-02
4.438906400128675434e-02
4.408520097387624848e-02
4.378402472307157262e-02
4.348551109269833265e-02
4.318963721939731576e-02
4.289638027695662909e-02
4.260571688669269330e-02
4.231762384651456543e-02
4.203207949467319821e-02
4.174906094972830051e-02
4.146854597852697027e-02
4.119051260726377256e-02
4.091493903033052021e-02
4.064179801203913339e-02
4.037107129191443156e-02
4.010274359196882438e-02
3.983678525767866269e-02
3.957318014631536901e-02
3.931192455291705745e-02
3.905297791914792011e-02
3.879632323811150335e-02
3.854192991466073859e-02
3.828979838728786139e-02
3.803989535934982485e-02
3.779220366029525241e-02
3.754670359093355975e-02
3.730337876530410296e-02
3.706220551601136642e-02
3.682316783660188886e-02
3.658624698494137434e-02
3.635142434870768102e-02
3.611868144232017325e-02
3.588800056581497450e-02
3.565936238981980838e-02
3.543274990632239163e-02
3.520814743614276987e-02
3.498553310112661324e-02
3.476488976022877597e-02
3.454620401671452956e-02
3.432945563447890869e-02
3.411462626201999804e-02
3.390170038937619090e-02
3.369066174831901461e-02
3.348149507279803150e-02
3.327418063861112274e-02
3.306870448105351384e-02
3.286504985672017431e-02
3.266320088389523812e-02
3.246314167398643702e-02
3.226485648393326994e-02
3.206832970641579350e-02
3.187354586974636139e-02
3.168048963816271629e-02
3.148914580699659765e-02
3.129949928618962207e-02
3.111153511539382216e-02
3.092523846468419116e-02
3.074059463340340220e-02
3.055758904903450868e-02
3.037620726608335209e-02
3.019643496343270284e-02
3.001825941493694097e-02
2.984166367256445990e-02
2.966663513817148143e-02
2.949316001636306458e-02
2.932122461187713913e-02
2.915081662274044555e-02
2.898192110658858595e-02
2.881452380293830426e-02
2.864861256926566277e-02
2.848417433940820739e-02
2.832119603151174794e-02
2.815966589118643060e-02
2.799956889293727172e-02
2.784089347692104630e-02
2.768362708971111585e-02
2.752775729088982951e-02
2.737327174155865586e-02
2.722015821491481288e-02
2.706840458953021014e-02
2.691799877181448586e-02
2.676892951091047052e-02
2.662118438681123841e-02
2.647475170701321309e-02
2.632962053743012620e-02
2.618577844857692891e-02
2.604321415052256866e-02
2.590191641703050440e-02
2.576187476580481250e-02
2.562307610371891003e-02
2.548551068688752891e-02
2.534916760510771971e-02
2.521403690003413967e-02
2.508010680737537620e-02
2.494736673609440972e-02
2.481580622607770792e-02
2.468541483926578461e-02
2.455618222825714167e-02
2.442809943936547976e-02
2.430115368118125618e-02
2.417533620576843220e-02
2.405063702009575810e-02
2.392704621840758064e-02
2.380455401765916093e-02
2.368315064038531079e-02
2.356282643861312004e-02
2.344357184830761151e-02
2.332537811517586962e-02
2.320823424110417948e-02
2.309213204852915424e-02
2.297706316067123916e-02
2.286301697718643236e-02
2.274998464589733996e-02
2.263795632812857020e-02
2.252692412695967220e-02
2.241687912420281190e-02
2.230781255702375329e-02
2.219971573599409387e-02
2.209258005499389194e-02
2.198639697949703736e-02
2.188115806092299359e-02
2.177685490091259279e-02
2.167347918978875659e-02
2.157102268877744700e-02
2.146947723143392481e-02
2.136883472303813605e-02
2.126908832501002086e-02
2.117022887665919242e-02
2.107224731254764630e-02
2.097513700298167180e-02
2.087889033980077844e-02
2.078349954281336759e-02
2.068895698621998208e-02
2.059525512717101658e-02
2.050238648930469143e-02
2.041034366223378610e-02
2.031911916455372835e-02
2.022870576709049836e-02
2.013909636129143643e-02
2.005028395112596132e-02
1.996226124611990074e-02
1.987502122012633696e-02
1.978855625325952675e-02
1.970286168721711167e-02
1.961792812761992827e-02
1.953374972462396456e-02
1.945031975948323388e-02
1.936763160903411454e-02
1.928567818906165923e-02
1.920445383602689682e-02
1.912395157648868679e-02
1.904416493879178274e-02
1.896508763860298152e-02
1.888671336084490199e-02
1.880903629890759432e-02
1.873204930769098442e-02
1.865574664832013105e-02
1.858012231443255738e-02
1.850517032317897451e-02
1.843088443175363786e-02
1.835725889778368203e-02
1.828428779519273434e-02
1.821196525997085744e-02
1.814028571817900490e-02
1.806924345254350833e-02
1.799883171634334908e-02
1.792904628444966925e-02
1.785988088865908888e-02
1.779133022863139610e-02
1.772338843231493349e-02
1.765605055746285318e-02
1.758931068592029662e-02
1.752316367855826298e-02
1.745760287369012287e-02
1.739262669027653516e-02
1.732822771972067702e-02
1.726440083972854977e-02
1.720114095794601783e-02
1.713844272077334752e-02
1.707630139578307157e-02
1.701471228410020645e-02
1.695367016367559446e-02
1.689316994370475278e-02
1.683320691324597523e-02
1.677377602946466401e-02
1.671487274001259848e-02
1.665649227776895211e-02
1.659863022496719728e-02
1.654128173755026188e-02
1.648444228018415211e-02
1.642810723627241218e-02
1.637227232217061679e-02
1.631693306928529846e-02
1.626208522044196927e-02
1.620772441812131856e-02
1.615384611730472791e-02
1.610044632918869456e-02
1.604752028368230943e-02
1.599506395914989526e-02
1.594314547681692160e-02
1.589168841229517820e-02
1.584068676948100982e-02
1.579008630872330565e-02
1.573991319547731610e-02
1.569018557392820590e-02
1.564089388952020349e-02
1.559203924325563290e-02
1.554361775695934852e-02
1.549562552242183915e-02
1.544805871752350478e-02
1.540091356634233112e-02
1.535418634298320144e-02
1.530787331702804753e-02
1.526197109117410390e-02
1.521647535092941934e-02
1.517138280039022347e-02
1.512669013809580902e-02
1.508239332768658049e-02
1.503848873244516444e-02
1.499497324392981730e-02
1.495184312638922486e-02
1.490909547781805143e-02
1.486672590878493176e-02
1.482473142766026902e-02
1.478310898614790606e-02
1.474185485645140674e-02
1.470096592036224982e-02
1.466043890152592469e-02
1.462027056501694761e-02
1.458045769847599732e-02
1.454099711849704026e-02
1.450188569955442215e-02
1.446312028224926681e-02
1.442469777679963178e-02
1.438661506861372771e-02
1.434886915165774733e-02
1.431145700994262276e-02
1.427437565454523459e-02
1.423762212348889111e-02
1.420119351354340309e-02
1.416508711900167292e-02
1.412929981031690353e-02
1.409382864889927381e-02
1.405867066311868897e-02
1.402382328623938239e-02
1.398928371817578960e-02
1.395504921157187522e-02
1.392111703529409078e-02
1.388748426241837551e-02
1.385414867069435958e-02
1.382110732377486717e-02
1.378835762037326600e-02
1.375589686302152760e-02
1.372372255701163023e-02
1.369183272288844976e-02
1.366022419743243878e-02
1.362889446215569469e-02
1.359784101487797499e-02
1.356706138911895412e-02
1.353655310196277481e-02
1.350631375241960648e-02
1.347634092445339736e-02
1.344663228182192173e-02
1.341718541714631563e-02
1.338799798718838703e-02
1.335906763543779838e-02
1.333039208597880908e-02
1.330196906559129484e-02
1.327379631285628692e-02
1.324587158731410814e-02
1.321819266843173371e-02
1.319075735567550554e-02
1.316356346798666123e-02
1.313660884422495310e-02
1.310989134263954026e-02
1.308340884057264744e-02
1.305715923453005904e-02
1.303114043979300418e-02
1.300535039040995496e-02
1.297978705539414197e-02
1.295444838971518062e-02
1.292933238285799875e-02
1.290443703089073045e-02
1.287976037055790259e-02
1.285530044438466975e-02
1.283105531290950480e-02
1.280702305389963200e-02
1.278320176251632016e-02
1.275958952848590781e-02
1.273618450167285886e-02
1.271298483040191399e-02
1.268998867730609589e-02
1.266719422161243294e-02
1.264459965896876092e-02
1.262220320113217366e-02
1.260000307609768916e-02
1.257799752765624036e-02
1.255618481545788673e-02
1.253456322998663941e-02
1.251313104630660464e-02
1.249188657104198866e-02
1.247082809993480326e-02
1.244995402593664091e-02
1.242926266898151250e-02
1.240875239585688405e-02
1.238842158776258702e-02
1.236826863198975217e-02
1.234829194739676429e-02
1.232848995796522774e-02
1.230886110229500313e-02
1.228940383303191684e-02
1.227011661669650741e-02
1.225099791175935336e-02
1.223204623939293939e-02
1.221326010143411987e-02
1.219463801935525421e-02
1.217617852753146400e-02
1.215788017346162292e-02
1.213974151779063579e-02
1.212176113405446891e-02
1.210393762034716811e-02
1.208626956411345231e-02
1.206875557711337317e-02
1.205139428355963757e-02
1.203418432019163521e-02
1.201712433577298463e-02
1.200021299162372726e-02
1.198344896081793461e-02
1.196683092862180740e-02
1.195035757222889621e-02
1.193402764155060934e-02
1.191783983498591326e-02
1.190179288500532208e-02
1.188588553490957898e-02
1.187011653945051724e-02
1.185448466451902334e-02
1.183898868713056073e-02
1.182362739524195697e-02
1.180839958790171063e-02
1.179330407490145408e-02
1.177833967676318420e-02
1.176350522456608323e-02
1.174879955996485127e-02
1.173422153521440879e-02
1.171977001280027908e-02
1.170544386546504972e-02
1.169124197611547816e-02
1.167716323773109952e-02
1.166320653568758518e-02
1.164937080120152270e-02
1.163565495645028751e-02
1.162205793380763352e-02
1.160857867527516872e-02
1.159521613240509230e-02
1.158196926618572722e-02
1.156883704698549904e-02
1.155581845445860512e-02
1.154291247746140787e-02
1.153011811396957229e-02
1.151743437099588506e-02
1.150486026450888745e-02
1.149239481935207356e-02
1.148003706916393696e-02
1.146778605630382510e-02
1.145564083175744374e-02
1.144360053694262920e-02
1.143166415664557088e-02
1.141983076730913003e-02
1.140809945372202316e-02
1.139646930892727200e-02
1.138493943414026037e-02
1.137350893869699606e-02
1.136217693995945216e-02
1.135094256324979504e-02
1.133980494177202168e-02
1.132876321656013652e-02
1.131781653638879760e-02
1.130696399354857301e-02
1.129620481674530573e-02
1.128553817802157438e-02
1.127496325637611894e-02
1.126447923832218576e-02
1.125408531759602287e-02
1.124378069753785570e-02
1.123356458401574519e-02
1.122343619252919901e-02
1.121339474555804391e-02
1.120343947259292046e-02
1.119356960439243411e-02
1.118378439024375268e-02
1.117408308018542733e-02
1.116446493622218900e-02
1.115492921665120138e-02
1.114547519181397633e-02
1.113610213843653496e-02
1.112680933986569427e-02
1.111759608596589975e-02
1.110846167288194464e-02
1.109940540316597078e-02
1.109042658569105166e-02
1.108152453548429638e-02
1.107269857379763328e-02
1.106394802797662676e-02
1.105527223144072910e-02
1.104667052361608774e-02
1.103814225148697613e-02
1.102968676451480771e-02
1.102130341993824703e-02
1.101299158076096511e-02
1.100475061554731862e-02
1.099657989864294763e-02
1.098847881006073321e-02
1.098044673535212776e-02
1.097248306559625748e-02
1.096458719739968127e-02
1.095675853277133793e-02
1.094899654016295854e-02
1.094130057057912837e-02
1.093367004187039901e-02
1.092610437731438705e-02
1.091860300537832000e-02
1.091116535967268965e-02
1.090379087891516115e-02
1.089647900688115768e-02
1.088922919234414956e-02
1.088204088903921979e-02
1.087491355562294169e-02
1.086784665561971695e-02
1.086083965738375220e-02
1.085389203405311837e-02
1.084700326350633570e-02
1.084017282831770124e-02
1.083340021689194188e-02
1.082668491988430549e-02
1.082002643369894823e-02
1.081342425925447236e-02
1.080687790199568593e-02
1.080038687181079406e-02
1.079395068298670025e-02
1.078756885417260850e-02
1.078124090835136904e-02
1.077496637279589178e-02
1.076874477902411281e-02
1.076257564708779646e-02
1.075645853281525545e-02
1.075039298018053840e-02
1.074437853731887924e-02
1.073841475635162190e-02
1.073250119357089215e-02
1.072663740918144114e-02
1.072082296733841908e-02
1.071505743606052975e-02
1.070934038734748170e-02
1.070367136964289756e-02
1.069804998996771138e-02
1.069247582716208872e-02
1.068694847298623692e-02
1.068146751720074235e-02
1.067603255560446024e-02
1.067064318634460517e-02
1.066529901112977900e-02
1.065999963527100407e-02
1.065474466762850528e-02
1.064953372113938528e-02
1.064436641101305751e-02
1.063924235603672108e-02
1.063416117945549695e-02
1.062912255265396552e-02
1.062412605904080286e-02
1.061917128888046832e-02
1.061425787935563539e-02
1.060938551206535262e-02
1.060455383121329705e-02
1.059976248033269071e-02
1.059501110829255341e-02
1.059029936741078329e-02
1.058562691214087401e-02
1.058099340344458017e-02
1.057639849797687402e-02
1.057184189707142431e-02
1.056732325236980907e-02
1.056284217617934652e-02
1.055839838012889546e-02
1.055399154063078881e-02
1.054962133730014823e-02
1.054528745232256350e-02
1.054098956664556094e-02
1.053672737240994584e-02
1.053250056446842706e-02
1.052830883116910934e-02
1.052415186659480355e-02
1.052002937080181652e-02
1.051594104497176330e-02
1.051188662902522580e-02
1.050786579515513783e-02
1.050387825101401981e-02
1.049992370999745794e-02
1.049600185742978996e-02
1.049211243862378795e-02
1.048825517340951086e-02
1.048442978431345443e-02
1.048063599553555880e-02
1.047687353419286295e-02
1.047314214641387707e-02
1.046944154739742894e-02
1.046577147112645254e-02
1.046213166189368174e-02
1.045852185098904326e-02
1.045494177980792888e-02
1.045139116316280183e-02
1.044786977166804742e-02
1.044437735676568071e-02
1.044091366897766625e-02
1.043747846100562780e-02
1.043407148772975725e-02
1.043069250648164491e-02
1.042734127608404247e-02
1.042401755786991069e-02
1.042072112309445908e-02
1.041745172869151109e-02
1.041420914025550579e-02
1.041099312975471598e-02
1.040780346896780922e-02
1.040463993199840405e-02
1.040150232393925907e-02
1.039839039288248564e-02
1.039530391860074739e-02
1.039224268278010968e-02
1.038920646904407941e-02
1.038619506293635142e-02
1.038320825190328089e-02
1.038024579993073078e-02
1.037730752378709757e-02
1.037439321649965586e-02
1.037150267296690215e-02
1.036863569020349610e-02
1.036579206648564726e-02
1.036297160211526597e-02
1.036017409916519492e-02
1.035739936146278656e-02
1.035464719493749304e-02
1.035191740638007757e-02
1.034920980501958035e-02
1.034652420153784821e-02
1.034386040764730987e-02
1.034121823800731969e-02
1.033859750828504571e-02
1.033599803577829775e-02
1.033341963940131308e-02
1.033086213997888581e-02
1.032832535928874737e-02
1.032580912100799185e-02
1.032331325037244736e-02
1.032083757416249123e-02
