8.929300102701782649e-01
8.004483905698139834e-01
4.578327603346040720e-01
1.819550642169946997e-01
1.046926498971808561e-01
6.997703971715060201e-01
9.371371718865966205e-01
5.117350529015739502e-01
4.205947508267653401e-01
8.426042038537560064e-01
8.614708644321591446e-01
1.698869753239340419e-02
9.843686320379776422e-01
8.037607191697423437e-01
2.495269415874725727e-01
5.347018230544449136e-01
5.399417443033064368e-01
6.734436669807425391e-01
3.713915831542614621e-01
1.307558701605953111e-01
2.198332022116740170e-01
5.743023731510804586e-01
2.490526331297655549e-01
8.425845850658493230e-01
6.119670191537585069e-02
2.040726164660613406e-01
5.205241250945957798e-01
8.666047482586903827e-01
7.073718653697284031e-01
3.982611104312041572e-01
7.955607101095377720e-01
5.360558039760381366e-01
5.184870938666356066e-01
9.283520826038893503e-01
1.637694809283924968e-01
6.297381160886794671e-02
8.637559469425865055e-01
8.593880989590944042e-01
2.372870300593332704e-02
6.372027541503197945e-01
1.876944003461443744e-01
7.827692861793931201e-01
1.452769586851850869e-01
4.703114596283206605e-01
2.809210886145685482e-01
1.211596065381214116e-01
6.585226697887294200e-01
1.566876633171591093e-01
3.985986863890033094e-01
8.773922414802265424e-01
4.317871190398265835e-01
2.120318218335658367e-01
6.075377577941208918e-01
4.428058420818603569e-02
6.600529116390351225e-01
6.160045097643543910e-01
4.330984983562844448e-01
4.954494350919795842e-01
3.856481734321497434e-01
3.766074411704728453e-01
4.052795746590431847e-01
3.167688435517022061e-01
6.496652285387376491e-01
4.571282952763867646e-01
1.211423150481558686e-01
7.966990340809017024e-01
9.068725220759121797e-02
9.334116195901991375e-01
3.828199000257724860e-01
1.719877394615174637e-01
9.802749184335757260e-01
6.304787987217135292e-01
8.446534061236046220e-01
1.662483027943713054e-01
9.132176082586255239e-01
8.225320104513772490e-01
7.137956102463939301e-01
1.794159265892071309e-01
6.135262177661537919e-02
3.761789292033113075e-01
1.634493188386187956e-02
2.123170296103599197e-01
9.509165366247869233e-01
8.914439890712200221e-02
4.470725366558969682e-01
1.770428887840772569e-01
8.735279988021563691e-01
4.962988571870372567e-01
1.708004419048370082e-01
7.466664444398692924e-01
1.613331549761587436e-02
5.861074796108947105e-01
6.769175320276024088e-01
1.369494699862395803e-01
1.610227145007561145e-01
9.461501875773341563e-01
3.573013037514954915e-01
4.856099920799061831e-02
2.128719109916288321e-01
6.865069180597633824e-01
6.443847581309339878e-01
7.644242841231455587e-01
5.432120416126154927e-01
4.200290425627704050e-01
5.687576078062794860e-02
6.096781054513794595e-01
9.318761756112645678e-01
5.917931594131693451e-01
8.801431922579776579e-01
1.545987531932505599e-01
5.447312095275702593e-01
5.369366853725168198e-01
1.216638680569714914e-02
5.459792752676062566e-01
7.755471070607855566e-01
1.167614415681422768e-01
1.484176418114868667e-01
6.264844478978386366e-01
8.608825284348586848e-01
9.261240661083680603e-01
2.312157293727995500e-01
7.547432573201717787e-01
5.685098094491825016e-01
1.750049656704236734e-01
4.489650914381715374e-01
5.647486342965610806e-01
1.255592167322516772e-01
3.815175644611624728e-01
1.880150622257326098e-03
3.103563976091529009e-01
6.787665109648738371e-01
9.346031361617107569e-01
5.707134962247906174e-02
6.557030695088450489e-02
3.713727628133500769e-01
4.953947855657798716e-01
1.012735470272652094e-02
3.331349158818872613e-01
1.716909432692751425e-01
4.283745182993959899e-01
2.226544524387350510e-01
1.171840870652636202e-01
8.430996083994070078e-01
4.819073221947500762e-01
4.962858090428609037e-01
6.538100307045358051e-02
7.077133605951678730e-01
7.299884618906521405e-01
9.745044600419801029e-01
8.888661870765378614e-01
8.422181053731899736e-01
6.090922181756861509e-01
5.240117461778085461e-01
7.852093769203341012e-01
8.889905321266196037e-01
1.405833782124263909e-01
4.976125516565222950e-01
2.319604067517861967e-01
9.588205297824770046e-02
2.659369911376803230e-01
8.857556415511832482e-01
7.610398945956876604e-01
4.199285960570424692e-01
9.680594344019770592e-01
2.579714604833595049e-01
2.332520067228203153e-01
5.345446957210380212e-01
2.651886012902372469e-01
9.755235164755438060e-01
7.961557389048898870e-01
4.577295706522970242e-01
4.975166077093351458e-02
2.447783331087411973e-01
9.263629117225192777e-01
4.630379900660597237e-02
5.645123585888233153e-01
4.405776964093902626e-01
7.839202702677681156e-01
6.788633771430877539e-01
5.956878586531600961e-01
2.427020065657765624e-01
6.121223378378070068e-01
6.388514096088814265e-01
3.197707833173232261e-01
2.050822213863677801e-01
6.056750617393558134e-01
2.756240845885219448e-01
3.691182039290401562e-01
1.985279400790056492e-01
8.857066720938653326e-01
8.901137461278908480e-01
5.344207934896193501e-01
5.964464519799748121e-01
2.080634940084964413e-01
4.844702515637134832e-01
3.640048695833936199e-01
6.177679005307991078e-01
1.391227513684630823e-01
4.837255117704114538e-01
9.190354181669200262e-01
9.241598489892521862e-01
3.006862819683187027e-02
1.299433314426878816e-02
8.841930397846415879e-01
3.737894595764795769e-01
6.550452968920520425e-01
7.337892240935317556e-01
2.999313632527195184e-01
1.515294724997129361e-02
2.408109509200513365e-01
8.422806468457709750e-01
8.089065599714780896e-01
4.780580555998649173e-01
6.034039967095936596e-01
1.386570468732813977e-01
2.340596426199069713e-01
5.942686442781661693e-01
9.818760691610828317e-01
3.167398189794528029e-01
5.928537752608535882e-01
7.347550763719764566e-01
3.369020238774627085e-01
8.795610115401210072e-01
5.447007585315810640e-02
3.846991100635612781e-01
2.958569214524976454e-01
3.288441264471064773e-01
8.711496149372998099e-01
7.986231046912540821e-01
7.667974467123086502e-01
4.813219161019122172e-02
2.615519976934437274e-01
9.489665511219417260e-01
6.932431236054135137e-01
2.341165696215089520e-01
5.940655296253090079e-01
1.558720321201954029e-01
9.586878958529421180e-02
9.169982148705682068e-01
1.163422119682634426e-01
8.703753060355884363e-01
4.686075426783589126e-01
4.513962744655355408e-01
7.747042345258069451e-01
6.090478864390839187e-01
5.094655735810358355e-01
2.396284937772102941e-01
1.710074405741358605e-01
2.302883384357847785e-01
2.278909610214338022e-01
6.791964131101860813e-01
1.132765878669615978e-01
2.681644904476503388e-01
1.619279491487435330e-03
2.147532292073641713e-01
8.327805695204195668e-01
2.766856956792003164e-01
9.754826792970315852e-01
6.377470038524982732e-01
4.378598978251420082e-01
9.394240186072670973e-01
8.613273142432099627e-01
7.895452196743313333e-01
6.864238807425779854e-01
6.779382417871966382e-01
9.144378461797693092e-01
3.447361381769835642e-01
3.017125189190142942e-01
9.026646534435865954e-01
9.912914072986509506e-01
1.312536986649681658e-03
8.332065409528494060e-01
1.567203585047916015e-03
4.657123767241533319e-02
2.375135998148842909e-01
4.752897223037768626e-01
5.170623108713570115e-01
4.566821244285246273e-02
8.116030483048208843e-03
5.094546188486386296e-01
2.150247024254500205e-01
6.910772133665177286e-02
1.531961090580387097e-01
9.778302488459363895e-01
7.956421195548081249e-01
3.362653844072707177e-01
3.277098527252320093e-01
3.651773631980287371e-01
8.273527976625743019e-01
5.796835741439246847e-01
8.955793285349866739e-01
9.579631816897138386e-03
9.771745798680736561e-01
4.641171387584629437e-01
6.849266952418632259e-01
3.769056641126354856e-01
2.955472928984503866e-01
1.386838267400194447e-01
8.581477222074230804e-01
9.095401070257325138e-01
9.733159746754527220e-01
9.486700753040181455e-01
5.298244737904659329e-01
3.635052387884080138e-01
6.706411824569845637e-01
2.257491241777860314e-01
6.362488333245981398e-01
5.307518627178899884e-01
3.700828778895552951e-01
5.809031405954026006e-01
1.610831903944344168e-01
2.029263614076720623e-01
3.360062497912763568e-03
3.367117037266552648e-01
9.291837517436988270e-01
4.183052841343255501e-01
6.533484385502339453e-01
5.923102785046581165e-01
8.781111891423962756e-01
6.763772389972069199e-01
1.727012313708126134e-01
6.445887260350442460e-01
1.343829545140373671e-02
7.401280259841447329e-02
3.594123846692204305e-01
5.246389588066224796e-03
8.136288296361492423e-01
6.468617891289882849e-01
9.951141860344725476e-02
7.611381566395424292e-01
4.423518727392975469e-01
5.804821692544134271e-01
2.916147337410146534e-02
5.768419641279780574e-01
1.687467226395139575e-01
5.274876660032347120e-01
2.715574690629750654e-01
2.243779625607631445e-01
7.195072166835573269e-01
3.867045608874021267e-01
6.468242974888028796e-01
4.957485715279914551e-01
3.579085108329282949e-01
3.527765302574465967e-01
4.515904590790833506e-01
9.285223751318649743e-01
2.459109854399765815e-02
8.865826665632935422e-01
9.814575113009804674e-01
9.308884767785200465e-01
3.031166283485555724e-01
7.611838213537535092e-01
9.919244214187078468e-01
1.762279815986311782e-02
7.130804719990621043e-01
8.581061057989796126e-01
9.029838630244205744e-01
8.286445012201167915e-01
7.558408307138728688e-01
8.076388348362596448e-01
7.775838752158659162e-02
3.249115962051976059e-01
4.920418802242775280e-01
2.309947216289423011e-01
8.042159588193803499e-01
1.802492538007016698e-03
4.580650169980926556e-01
8.951053062706776364e-01
2.051470343648231776e-02
4.435172166829507434e-01
8.040110615637927616e-01
1.480081882755188705e-01
3.664197388552449253e-01
9.005381552648400456e-01
8.172561645962581611e-01
4.547209980277922003e-02
3.080369953406703054e-02
2.774764779403349202e-02
6.273631733064543026e-01
3.340469235614023091e-01
5.190901882367932041e-01
4.975108430896491019e-01
7.199940056020840418e-01
4.247745610811493044e-01
8.946017331404728656e-01
8.766720987010456767e-01
6.685341277946219574e-01
4.544043583937162900e-01
6.304355030064651144e-01
1.003363721977430512e-01
1.152479228844754955e-01
8.558191589869453830e-01
3.900968472672959875e-01
1.853956256165565364e-01
7.618636586868939853e-01
6.367741293011730530e-01
7.584029060466845884e-02
9.494874713056811188e-01
1.035511338178439766e-01
8.308070534921508932e-01
6.513413206456359905e-01
2.724892914197216687e-01
7.190068544047660826e-01
4.406031412897206678e-01
4.046441366074989832e-01
6.018455387427965597e-01
3.498551413008276212e-01
7.125188565413365094e-01
8.474844618270201968e-01
3.901008791662796682e-02
6.208533329744165830e-01
8.441385618151430181e-01
3.395410504566100940e-01
1.347058585767763050e-01
4.864007504149918670e-01
6.219028752642892233e-01
6.691870428818836869e-01
1.643584964908183510e-01
6.327741849764179083e-01
4.529283606867007261e-02
5.585398128576883892e-01
4.968328609035410626e-02
1.185760164736227029e-02
3.339097246364245430e-01
3.257079358266249391e-01
6.766372487745253572e-03
6.215148112239955447e-01
3.782650430916932871e-01
4.099862009832717646e-01
1.937934112225051519e-01
3.856283633920476461e-01
9.934649190290074650e-01
2.615355472445213270e-02
1.864346597125552396e-01
3.673510652550782130e-02
1.219371393287460581e-02
2.958176602499669183e-01
9.595793596215536070e-01
9.692906819036036792e-01
2.917069309627219331e-01
8.381833243688452395e-02
1.123692260728236247e-01
4.015755414656760891e-01
4.822512866026638090e-01
3.556249486771954071e-01
1.370260724688459053e-01
8.284352743833264254e-01
5.881035153539760918e-01
1.687304578704097446e-01
3.376622832849800471e-01
6.805846280523070169e-01
8.250189298943337857e-01
9.506663021751800002e-01
8.045755901358248030e-01
4.711265696164231853e-01
3.480354424185464479e-01
7.192863180675436174e-01
5.957374574446568927e-01
6.190536299478601734e-01
9.746493350179978865e-01
2.655149794436960642e-01
5.278374219003855172e-01
8.656342462619921463e-01
8.437087737115276376e-01
5.329203611721613498e-01
2.258315105990149618e-01
9.819303305304100116e-01
5.549897789650565239e-01
4.957198993911977603e-01
2.657504987279952768e-01
3.879680150844795339e-01
9.049184391527776983e-01
6.979975511228216911e-01
6.062499025987574397e-01
5.620591602517647223e-01
4.360697953173908736e-02
2.482319208795336074e-02
8.372842151609773964e-01
9.647850562655948536e-01
2.842490005599196401e-02
5.513660842448131483e-02
1.655852495637804012e-01
4.040477566071074556e-01
8.031653997593513061e-01
9.693780347470838388e-01
7.739775221446029141e-01
9.343853721460347872e-01
5.142724557213330661e-01
7.647375132505856987e-01
6.250941674958162553e-01
4.023400298887541693e-01
5.932571925938701085e-02
3.325700395342390259e-01
3.475016230632835823e-01
4.866481859357256745e-01
3.815623009584212522e-02
9.200404237914908689e-01
7.216923646713695462e-01
2.276531039897444764e-03
9.623007776120474643e-01
6.243407926379881401e-01
5.287674394006014467e-03
6.603069934706149446e-01
3.509525354119724661e-01
7.676533401346734564e-01
3.628883172736098173e-01
5.220671819379489875e-01
1.604405941766900989e-01
1.504186939567556669e-01
9.718604204791443379e-01
6.060529878676448323e-01
9.112015336698179313e-01
3.606366464468493405e-01
1.927690317880500492e-01
7.259648969380300132e-01
3.819070901289359776e-01
9.221454849233224893e-01
9.356808776684566453e-01
7.869539517378735249e-01
5.264583573535378536e-01
5.482441524016740120e-01
9.331442993920066042e-01
9.379624377897410881e-01
9.872629142013616965e-01
7.245559920522430808e-01
4.381796432713744860e-01
2.019745632337803798e-01
6.419858184378332000e-01
3.121695943936100281e-01
7.743882765246576927e-01
8.851048169447188751e-01
4.508420759852419524e-01
6.198194370484478855e-01
5.672843719030764564e-01
2.593700876793310073e-01
3.694891782503436639e-01
2.662989299235456464e-01
6.273922582427803318e-01
2.161536191515212035e-02
7.858856473415717359e-01
1.662446586142393157e-01
5.725456236133006360e-01
7.827818271143570650e-01
6.850814067813389974e-01
4.119891476473046543e-01
3.076671501008041432e-01
9.567719879029144003e-01
6.277962485262928993e-01
1.767361372903873962e-01
2.264451827908314785e-01
5.641390424982470897e-01
1.396511294872860853e-01
6.523593464264396680e-01
1.748432264002651726e-01
5.675364924103376563e-02
3.518422474979463477e-01
2.404169673546293629e-01
1.702229581285678028e-01
6.584342079064141595e-01
7.779796227512214557e-01
3.564720901474475179e-01
5.196992048373076933e-01
9.154011708618469134e-01
5.088645050506297451e-01
5.076946624905063210e-01
9.493321187336527522e-01
6.496369329224294109e-02
1.324773327667808642e-01
9.062461731929295494e-01
3.299507876647510551e-01
7.214579572237505012e-01
2.933029343086981378e-01
3.602612243515529444e-01
2.854390751557606132e-01
9.767385010034315140e-01
4.594909571403689164e-01
9.473209200291816678e-01
2.993411763621877109e-01
7.758181843048664872e-01
1.088462640343949017e-01
8.209665727591020090e-02
9.259508885207102802e-01
9.323214823725991529e-01
9.823908929266977896e-01
9.261453633463767598e-02
7.612086319650901434e-02
7.661879575925084618e-01
4.270247950848715668e-02
5.188438117685418849e-01
6.604649647504106103e-01
2.035153370344873203e-01
4.962351656802053146e-01
6.071125185849357564e-01
5.903266223791859835e-01
3.243268246037867009e-02
7.716871413576478211e-01
8.120969466272929260e-01
5.146312458861466155e-01
8.048660938785973107e-01
1.111345976346109765e-01
6.696869494817114798e-01
8.056885249017589068e-01
5.484477338478164210e-01
4.138764656201033842e-01
1.266171045712275456e-01
9.860119627462877734e-01
4.177701423134199121e-01
2.634624558523087634e-01
4.859758112718230993e-01
2.577552656276179688e-01
6.854073296189213682e-01
8.529772554178768340e-01
1.595859296768987745e-01
4.781764664048092639e-01
7.268112857722025533e-01
8.154755036813678970e-01
8.308976045734853821e-01
1.443412762634613822e-01
1.212239249741497993e-02
5.429775920252523091e-01
2.278291534470628932e-01
1.717659393164934212e-01
9.757318578484724947e-01
8.324529662006016073e-01
8.097321921714399906e-01
4.424619029520860947e-01
7.921439193159305336e-01
6.267337250476593402e-01
5.827892665583435106e-01
4.215592514256372159e-02
2.534259891202088610e-01
7.198010040439029034e-02
7.234065502235149658e-01
7.225864033243108997e-01
8.655919226129926702e-01
9.384539686947644954e-01
2.610107113606496831e-02
9.545418619683831984e-01
4.975257103479586718e-01
4.926427047639349022e-01
7.608124185862257249e-01
9.131395147386742739e-01
3.417501034218921596e-01
4.517788938354875272e-01
5.579072643364165751e-01
4.042997214020537244e-01
2.239558505232701613e-01
3.123964865883237518e-01
4.244018474562176735e-01
7.588079081161418493e-01
9.096915654048199906e-01
8.757926543520568874e-01
2.497772680875355311e-01
2.200594418060176638e-01
8.477075933986866207e-02
6.009868858079817633e-01
7.283822316171557620e-01
1.558759924913210027e-01
3.202925186585403594e-02
2.521837287129458094e-02
7.444112529663223787e-01
3.083070459083357973e-01
9.143896315964150645e-01
2.766624540712985247e-01
8.125162828122823866e-01
2.270188592860898913e-01
4.410945312341130187e-01
7.252687569879773255e-01
1.918321782281517951e-01
1.413963625280618697e-01
8.319401543572048086e-01
3.317762232074367157e-01
1.639672243130627649e-01
5.839302860868855749e-02
5.953603270064533604e-01
8.961595549349422596e-01
2.890654523439359913e-01
2.541539204624205794e-01
4.991468656366370160e-01
5.559830406605623665e-01
8.972366416990180671e-01
8.870672814573873355e-01
9.515867140114189215e-01
8.233174756091259372e-01
5.621771270956366084e-02
9.051409578403688538e-01
5.446780787232107235e-01
8.299125213593170347e-01
6.244366753830100647e-01
1.210683515595896154e-01
6.935168215925797686e-01
7.401189395427791862e-01
7.073307236285908406e-02
9.132273826071932721e-01
4.707636790598540566e-01
4.870215834283407874e-01
3.333815352054142478e-01
1.194373237089235706e-01
2.608266509891765672e-02
1.273013025323517233e-01
4.927832659150548356e-01
9.500306645980728382e-01
4.394182063360996260e-02
7.878096443109469105e-01
8.684325129456924586e-01
4.585819373521549114e-02
8.218751399554161674e-01
9.697396008631656850e-01
2.595447862468758249e-02
1.977933083972897021e-01
1.434180604507123702e-01
1.289632062947896340e-01
9.976743934106784284e-01
8.945498746209695762e-01
7.789244320124408816e-01
8.436095653353110624e-01
5.288499344323505102e-02
4.223365313295877055e-01
7.863831288188009028e-01
5.631966113302464549e-01
5.995825804529824055e-01
7.756474510763533559e-02
9.320988422049746314e-01
4.641096692953329272e-01
4.057372966639335443e-01
2.219180085506530231e-01
4.648848280031516733e-01
1.142036947943716463e-01
6.823544748047097874e-01
8.622801837708874428e-01
7.410402923700581956e-01
9.079051979874455114e-01
9.739410164922311930e-01
5.031587188569736080e-01
3.645723204506783333e-01
1.585898499318381116e-01
8.068055648822238801e-01
7.174627081588746957e-02
2.698841841784062057e-01
8.837120802745527248e-01
2.420362073417947624e-01
8.480947950349733144e-01
6.405414073685030685e-01
8.669214820290064294e-01
1.424805325800525546e-01
5.468399349044350544e-01
8.944688942704061008e-01
7.290328569046308216e-01
6.289043012467989691e-01
4.119963846948960784e-01
9.737142442354865812e-01
6.254054961481081421e-02
9.968544238317093020e-01
1.774911907812160017e-02
5.241605325763851742e-01
1.464121407977359013e-02
1.661296863700278958e-01
7.714792123123149770e-01
2.291547543994483238e-01
3.884501867175583767e-01
3.886289064662842296e-01
4.209897985531385611e-01
8.780201144761623500e-02
5.120348261963688641e-01
5.597601212104942325e-01
9.276607378000710780e-01
1.034565787945095350e-01
6.393446880498921958e-01
3.518035483650223672e-01
7.377550322407823158e-01
8.908313170834156747e-01
9.772131501258254360e-01
2.535010525322183295e-01
9.595602122557322922e-01
8.068208518060435708e-01
8.523614436995751165e-01
1.442459096254441464e-01
5.958219959110921948e-01
3.908722624135058110e-01
7.834454871581425506e-01
8.306889423348632340e-01
4.398537650397714716e-01
3.601235288194121198e-01
3.632089887842486764e-01
2.051212306096565907e-01
2.627887423599777339e-01
4.239082313540936120e-01
4.351126072372678566e-01
1.060514883038317091e-01
6.057595572007316020e-01
8.446229765327331052e-01
9.440335367119302434e-01
4.207908931395465402e-01
9.211068639157349303e-01
5.444115231013127998e-01
7.734958335110460048e-01
5.364197430003296851e-01
1.654302866513253090e-01
9.504299264008352344e-01
9.736912793329195459e-01
1.485426222817114450e-01
7.085871391849324352e-01
3.060358107008815942e-01
4.455927726695395608e-01
4.980976686958795696e-01
3.656015367527277737e-01
5.545310891402228659e-01
8.285739073079586570e-01
1.489223838759556884e-01
2.702664721857015451e-01
4.778603185155527733e-02
2.225977596490005261e-01
4.769378829899328931e-01
1.162130250312476409e-02
6.672969786618332400e-02
7.152951259403936835e-01
9.207781707583084785e-02
6.430845246108679580e-01
9.575406553171461610e-03
3.482094984658522518e-01
4.304459408820998645e-01
6.510688896304550610e-02
4.069420362447906392e-01
4.619409306125172865e-01
7.335683329520895635e-01
6.814042033721368075e-02
4.922004233369513537e-01
1.938670302589143857e-01
1.640192752784314090e-01
2.446231609813184216e-01
6.145240787967543028e-01
9.304557112254813189e-01
4.659546121772506488e-01
6.244041718141327690e-01
7.452061880543163763e-01
8.380625744470402427e-01
3.924455187834038350e-01
8.132556584878319894e-01
9.592848601774415229e-01
6.503170177702755073e-02
9.364454521143337207e-01
1.372079748815885347e-01
4.664076256543271404e-01
2.938908450067078126e-01
4.175999476446683456e-01
2.322088320058471878e-01
2.856523081635031769e-01
6.807482522924367396e-01
9.611164576777212476e-01
1.902803729543315336e-01
6.037034239243033173e-01
1.961410218366987923e-01
6.741023505226543255e-01
9.254030947176400401e-01
2.587798972793512453e-01
9.153125913781432477e-01
9.148600794187010665e-01
6.443165136742550203e-01
8.825469737459398223e-01
9.432742125102511199e-02
6.869548161033973699e-01
7.398746477044094716e-01
8.284847165296460592e-02
3.193493677559986477e-01
2.754173662080655616e-01
9.864061535581675200e-01
9.706138261371333176e-02
5.147547200257728273e-01
9.346630382049228025e-01
6.800041431991754592e-01
7.339842774595328745e-01
8.860979256427871098e-01
5.926863831066615518e-01
2.280770524318268544e-01
5.846325275351513806e-01
6.268682277884194409e-01
7.510790186977596150e-01
5.865521758430120025e-01
9.353042215502416212e-02
4.087038170832890671e-03
7.030737530367421328e-01
2.184909761559891139e-01
7.862813923400493454e-01
5.612494468827203820e-01
7.318907823956357639e-01
9.114960955493381922e-01
8.810743619218511791e-01
9.345889900408060891e-01
9.964248748434846314e-01
1.639208694987945858e-01
3.618749461844540383e-01
2.955928074111235926e-01
3.022715998748711774e-01
2.018738893273174240e-01
5.459400104120638586e-01
9.747609130109236020e-01
7.103140235565135185e-01
6.905960571973682738e-01
3.129386367676818548e-01
7.779790350834003831e-02
1.954949171027895449e-01
5.983123238972470892e-01
4.195675350900396339e-02
2.133880361341864429e-01
1.344539831655844342e-02
5.966226197681491206e-01
8.467929773734282906e-01
8.377702009911895953e-01
7.542652260817527266e-01
8.299794171785669361e-01
7.916278319168190691e-03
4.047449340445358201e-01
4.462802726961314637e-01
8.652798712554361504e-01
5.077603669292527488e-01
3.827244732866018628e-01
1.811796029241090622e-01
7.247136464817147683e-01
9.893315902853476729e-01
4.794995786914144631e-01
6.053237047323224429e-01
4.926814779548702727e-01
1.324547631863871588e-01
8.165980632333854627e-01
2.619727005352047167e-01
2.807519634483468529e-02
9.563615629057072853e-01
8.098899233893163130e-01
7.888654362750620042e-01
1.787227566026071690e-01
7.199622618475902680e-01
5.894576439553455005e-01
9.724534053633311359e-01
7.472475005401251202e-01
9.033376875743186485e-01
8.470006747416944926e-01
6.276016925361880272e-01
9.654709995676824530e-01
6.652380844087690814e-01
7.032078953967428880e-01
5.321786394060177283e-01
9.866738179260381436e-02
5.255891667614258633e-01
7.158344216550972527e-01
1.278770973008229728e-01
6.663518450556172867e-01
2.726424445301813826e-01
9.189258749029876050e-01
9.432619204131126311e-01
5.404771561394362545e-01
5.692096625698874757e-01
1.985595492873123424e-01
7.296575834418221884e-01
9.417028717531852333e-01
6.570984715559948786e-01
8.871707305550708966e-01
4.160145946936243400e-01
5.474569139113181215e-01
6.012529158241091132e-01
3.671259754219856619e-01
8.378823228060779948e-01
9.483167643135603786e-02
8.928359726532028029e-01
7.996263230469196071e-01
4.827994438901025420e-01
1.094594328823321749e-01
6.272815128588763445e-01
4.457398129811798171e-01
8.143286804421150382e-01
4.918214985084135016e-01
2.106437785746484437e-02
2.221019660908223337e-01
8.817182624268640190e-01
1.240938430199920450e-01
4.045932323233591976e-01
2.761170635344136759e-01
7.109947777459821872e-01
8.409845861117488663e-01
9.978476223588292893e-01
7.732912530571289800e-01
9.039811539679871721e-01
1.826464037846986521e-02
7.497239452201800436e-01
9.971490061222954004e-01
2.615904948905396488e-01
1.155965523732386258e-01
1.301105860457361096e-01
7.920090507507319133e-01
5.490464651129338680e-01
2.470098980676138645e-01
2.961878539174572778e-01
4.446261055950055940e-01
5.217956706047953697e-01
8.863674676674008213e-01
5.949650208745868030e-01
3.549831309832177650e-01
4.111568011744126672e-01
5.525885466759603570e-01
1.871073395032359921e-01
8.190024378255021942e-01
