0.000000000000000000e+00 0.000000000000000000e+00 0.000000000000000000e+00 0.000000000000000000e+00 0.000000000000000000e+00 0.000000000000000000e+00 0.000000000000000000e+00 0.000000000000000000e+00 0.000000000000000000e+00 0.000000000000000000e+00 0.000000000000000000e+00 0.000000000000000000e+00 0.000000000000000000e+00 0.000000000000000000e+00 0.000000000000000000e+00 0.000000000000000000e+00 0.000000000000000000e+00 0.000000000000000000e+00 0.000000000000000000e+00 0.000000000000000000e+00 0.000000000000000000e+00
8.009999999999999787e+00 8.009999999999999787e+00 8.009999999999999787e+00 8.009999999999999787e+00 8.009999999999999787e+00 8.009999999999999787e+00 8.009999999999999787e+00 8.009999999999999787e+00 8.009999999999999787e+00 8.009999999999999787e+00 8.009999999999999787e+00 8.009999999999999787e+00 8.009999999999999787e+00 8.009999999999999787e+00 8.009999999999999787e+00 8.009999999999999787e+00 8.009999999999999787e+00 8.009999999999999787e+00 8.009999999999999787e+00 8.009999999999999787e+00 8.009999999999999787e+00
1.067666666666666586e+01 1.067666666666666586e+01 1.067666666666666586e+01 1.067666666666666586e+01 1.067666666666666586e+01 1.067666666666666586e+01 1.067666666666666586e+01 1.067666666666666586e+01 1.067666666666666586e+01 1.067666666666666586e+01 1.067666666666666586e+01 1.067666666666666586e+01 1.067666666666666586e+01 1.067666666666666586e+01 1.067666666666666586e+01 1.067666666666666586e+01 1.067666666666666586e+01 1.067666666666666586e+01 1.067666666666666586e+01 1.067666666666666586e+01 1.067666666666666586e+01
1.067666666666666586e+01 1.067666666666666586e+01 1.067666666666666586e+01 1.067666666666666586e+01 1.067666666666666586e+01 1.067666666666666586e+01 1.067666666666666586e+01 1.067666666666666586e+01 1.067666666666666586e+01 1.067666666666666586e+01 1.067666666666666586e+01 1.067666666666666586e+01 1.067666666666666586e+01 1.067666666666666586e+01 1.067666666666666586e+01 1.067666666666666586e+01 1.067666666666666586e+01 1.067666666666666586e+01 1.067666666666666586e+01 1.067666666666666586e+01 1.067666666666666586e+01
1.067666666666666586e+01 1.067666666666666586e+01 1.067666666666666586e+01 1.067666666666666586e+01 1.067666666666666586e+01 1.067666666666666586e+01 1.067666666666666586e+01 1.067666666666666586e+01 1.067666666666666586e+01 1.067666666666666586e+01 1.067666666666666586e+01 1.067666666666666586e+01 1.067666666666666586e+01 1.067666666666666586e+01 1.067666666666666586e+01 1.067666666666666586e+01 1.067666666666666586e+01 1.067666666666666586e+01 1.067666666666666586e+01 1.067666666666666586e+01 1.067666666666666586e+01
1.067666666666666586e+01 1.067666666666666586e+01 1.067666666666666586e+01 1.067666666666666586e+01 1.067666666666666586e+01 1.067666666666666586e+01 1.067666666666666586e+01 1.067666666666666586e+01 1.067666666666666586e+01 1.067666666666666586e+01 1.067666666666666586e+01 1.067666666666666586e+01 1.067666666666666586e+01 1.067666666666666586e+01 1.067666666666666586e+01 1.067666666666666586e+01 1.067666666666666586e+01 1.067666666666666586e+01 1.067666666666666586e+01 1.067666666666666586e+01 1.067666666666666586e+01
0.000000000000000000e+00 1.067666666666666586e+01 1.067666666666666586e+01 1.067666666666666586e+01 1.067666666666666586e+01 1.067666666666666586e+01 1.067666666666666586e+01 1.067666666666666586e+01 1.067666666666666586e+01 1.067666666666666586e+01 1.067666666666666586e+01 1.067666666666666586e+01 1.067666666666666586e+01 1.067666666666666586e+01 1.067666666666666586e+01 1.067666666666666586e+01 1.067666666666666586e+01 1.067666666666666586e+01 1.067666666666666586e+01 1.067666666666666586e+01 1.067666666666666586e+01
0.000000000000000000e+00 1.067666666666666586e+01 1.067666666666666586e+01 1.067666666666666586e+01 1.067666666666666586e+01 1.067666666666666586e+01 1.067666666666666586e+01 1.067666666666666586e+01 1.067666666666666586e+01 1.067666666666666586e+01 1.067666666666666586e+01 1.067666666666666586e+01 1.067666666666666586e+01 1.067666666666666586e+01 1.067666666666666586e+01 1.067666666666666586e+01 1.067666666666666586e+01 1.067666666666666586e+01 1.067666666666666586e+01 1.067666666666666586e+01 1.067666666666666586e+01
0.000000000000000000e+00 0.000000000000000000e+00 1.067666666666666586e+01 1.067666666666666586e+01 1.067666666666666586e+01 1.067666666666666586e+01 1.067666666666666586e+01 1.067666666666666586e+01 1.067666666666666586e+01 1.067666666666666586e+01 1.067666666666666586e+01 1.067666666666666586e+01 1.067666666666666586e+01 1.067666666666666586e+01 1.067666666666666586e+01 1.067666666666666586e+01 1.067666666666666586e+01 1.067666666666666586e+01 1.067666666666666586e+01 1.067666666666666586e+01 1.067666666666666586e+01
0.000000000000000000e+00 0.000000000000000000e+00 1.067666666666666586e+01 1.067666666666666586e+01 1.067666666666666586e+01 1.067666666666666586e+01 1.067666666666666586e+01 1.067666666666666586e+01 1.067666666666666586e+01 1.067666666666666586e+01 1.067666666666666586e+01 1.067666666666666586e+01 1.067666666666666586e+01 1.067666666666666586e+01 1.067666666666666586e+01 1.067666666666666586e+01 1.067666666666666586e+01 1.067666666666666586e+01 1.067666666666666586e+01 1.067666666666666586e+01 1.067666666666666586e+01
0.000000000000000000e+00 0.000000000000000000e+00 0.000000000000000000e+00 1.067666666666666586e+01 1.067666666666666586e+01 1.067666666666666586e+01 1.067666666666666586e+01 1.067666666666666586e+01 1.067666666666666586e+01 1.067666666666666586e+01 1.067666666666666586e+01 1.067666666666666586e+01 1.067666666666666586e+01 1.067666666666666586e+01 1.067666666666666586e+01 1.067666666666666586e+01 1.067666666666666586e+01 1.067666666666666586e+01 1.067666666666666586e+01 1.067666666666666586e+01 1.067666666666666586e+01
0.000000000000000000e+00 0.000000000000000000e+00 0.000000000000000000e+00 1.067666666666666586e+01 1.067666666666666586e+01 1.067666666666666586e+01 1.067666666666666586e+01 1.067666666666666586e+01 1.067666666666666586e+01 1.067666666666666586e+01 1.067666666666666586e+01 1.067666666666666586e+01 1.067666666666666586e+01 1.067666666666666586e+01 1.067666666666666586e+01 1.067666666666666586e+01 1.067666666666666586e+01 1.067666666666666586e+01 1.067666666666666586e+01 1.067666666666666586e+01 1.067666666666666586e+01
0.000000000000000000e+00 0.000000000000000000e+00 0.000000000000000000e+00 0.000000000000000000e+00 1.067666666666666586e+01 1.067666666666666586e+01 1.067666666666666586e+01 1.067666666666666586e+01 1.067666666666666586e+01 1.067666666666666586e+01 1.067666666666666586e+01 1.067666666666666586e+01 1.067666666666666586e+01 1.067666666666666586e+01 1.067666666666666586e+01 1.067666666666666586e+01 1.067666666666666586e+01 1.067666666666666586e+01 1.067666666666666586e+01 1.067666666666666586e+01 1.067666666666666586e+01
0.000000000000000000e+00 0.000000000000000000e+00 0.000000000000000000e+00 0.000000000000000000e+00 1.067666666666666586e+01 1.067666666666666586e+01 1.067666666666666586e+01 1.067666666666666586e+01 1.067666666666666586e+01 1.067666666666666586e+01 1.067666666666666586e+01 1.067666666666666586e+01 1.067666666666666586e+01 1.067666666666666586e+01 1.067666666666666586e+01 1.067666666666666586e+01 1.067666666666666586e+01 1.067666666666666586e+01 1.067666666666666586e+01 1.067666666666666586e+01 1.067666666666666586e+01
0.000000000000000000e+00 0.000000000000000000e+00 0.000000000000000000e+00 0.000000000000000000e+00 1.067666666666666586e+01 1.067666666666666586e+01 1.067666666666666586e+01 1.067666666666666586e+01 1.067666666666666586e+01 1.067666666666666586e+01 1.067666666666666586e+01 1.067666666666666586e+01 1.067666666666666586e+01 1.067666666666666586e+01 1.067666666666666586e+01 1.067666666666666586e+01 1.067666666666666586e+01 1.067666666666666586e+01 1.067666666666666586e+01 1.067666666666666586e+01 1.067666666666666586e+01
0.000000000000000000e+00 0.000000000000000000e+00 0.000000000000000000e+00 0.000000000000000000e+00 1.067666666666666586e+01 1.067666666666666586e+01 1.067666666666666586e+01 1.067666666666666586e+01 1.067666666666666586e+01 1.067666666666666586e+01 1.067666666666666586e+01 1.067666666666666586e+01 1.067666666666666586e+01 1.067666666666666586e+01 1.067666666666666586e+01 1.067666666666666586e+01 1.067666666666666586e+01 1.067666666666666586e+01 1.067666666666666586e+01 1.067666666666666586e+01 1.067666666666666586e+01
0.000000000000000000e+00 0.000000000000000000e+00 0.000000000000000000e+00 0.000000000000000000e+00 0.000000000000000000e+00 1.067666666666666586e+01 1.067666666666666586e+01 1.067666666666666586e+01 1.067666666666666586e+01 1.067666666666666586e+01 1.067666666666666586e+01 1.067666666666666586e+01 1.067666666666666586e+01 1.067666666666666586e+01 1.067666666666666586e+01 1.067666666666666586e+01 1.067666666666666586e+01 1.067666666666666586e+01 1.067666666666666586e+01 1.067666666666666586e+01 1.067666666666666586e+01
0.000000000000000000e+00 0.000000000000000000e+00 0.000000000000000000e+00 0.000000000000000000e+00 0.000000000000000000e+00 1.067666666666666586e+01 1.067666666666666586e+01 1.067666666666666586e+01 1.067666666666666586e+01 1.067666666666666586e+01 1.067666666666666586e+01 1.067666666666666586e+01 1.067666666666666586e+01 1.067666666666666586e+01 1.067666666666666586e+01 1.067666666666666586e+01 1.067666666666666586e+01 1.067666666666666586e+01 1.067666666666666586e+01 1.067666666666666586e+01 1.067666666666666586e+01
0.000000000000000000e+00 0.000000000000000000e+00 0.000000000000000000e+00 0.000000000000000000e+00 0.000000000000000000e+00 1.067666666666666586e+01 1.067666666666666586e+01 1.067666666666666586e+01 1.067666666666666586e+01 1.067666666666666586e+01 1.067666666666666586e+01 1.067666666666666586e+01 1.067666666666666586e+01 1.067666666666666586e+01 1.067666666666666586e+01 1.067666666666666586e+01 1.067666666666666586e+01 1.067666666666666586e+01 1.067666666666666586e+01 1.067666666666666586e+01 1.067666666666666586e+01
0.000000000000000000e+00 0.000000000000000000e+00 0.000000000000000000e+00 0.000000000000000000e+00 0.000000000000000000e+00 1.067666666666666586e+01 1.067666666666666586e+01 1.067666666666666586e+01 1.067666666666666586e+01 1.067666666666666586e+01 1.067666666666666586e+01 1.067666666666666586e+01 1.067666666666666586e+01 1.067666666666666586e+01 1.067666666666666586e+01 1.067666666666666586e+01 1.067666666666666586e+01 1.067666666666666586e+01 1.067666666666666586e+01 1.067666666666666586e+01 1.067666666666666586e+01
0.000000000000000000e+00 0.000000000000000000e+00 0.000000000000000000e+00 0.000000000000000000e+00 0.000000000000000000e+00 1.067666666666666586e+01 1.067666666666666586e+01 1.067666666666666586e+01 1.067666666666666586e+01 1.067666666666666586e+01 1.067666666666666586e+01 1.067666666666666586e+01 1.067666666666666586e+01 1.067666666666666586e+01 1.067666666666666586e+01 1.067666666666666586e+01 1.067666666666666586e+01 1.067666666666666586e+01 1.067666666666666586e+01 1.067666666666666586e+01 1.067666666666666586e+01
