7.233087697348472567e-02 7.233083443254816058e-02 7.233090294691126021e-02 7.233085858146279246e-02 7.233082167963714171e-02 7.233089456106796267e-02 7.233086990593859400e-02 7.233080358548808764e-02 7.233075927633425550e-02 7.233086257469432956e-02 7.233085860225660357e-02 7.233079853457359543e-02 7.233082742182471436e-02 7.233072667636100683e-02 7.233076176677984137e-02 7.233078108279879237e-02 7.233089116627328119e-02 7.233086143239569887e-02 7.233089545401055753e-02 7.233082470282628518e-02 7.233083196938000503e-02
6.698484040922755844e-02 6.705534912079322285e-02 6.708612805344398022e-02 6.710004040293621186e-02 6.710712049450874572e-02 6.711072025195305435e-02 6.711254975890673657e-02 6.711344359791222847e-02 6.711383811104459918e-02 6.711391897441253140e-02 6.711396957963716714e-02 6.711437662867478227e-02 6.711448710758792513e-02 6.711447894507435730e-02 6.711491836052248250e-02 6.711578441322703370e-02 6.711707217384448032e-02 6.711968982489235902e-02 6.712430209809565340e-02 6.713280787308481545e-02 6.714935083866500898e-02
6.292030984505167512e-02 6.305019103407319414e-02 6.310694481453270333e-02 6.313370864549792960e-02 6.314685888841778394e-02 6.315358497470996424e-02 6.315698263702008985e-02 6.315910418771666923e-02 6.315982322243725300e-02 6.316047147273337603e-02 6.316070609584109596e-02 6.316096768840126496e-02 6.316143215792653642e-02 6.316184387884085649e-02 6.316229399409234446e-02 6.316366523263694521e-02 6.316636748715240279e-02 6.317069219928328483e-02 6.317892931753595065e-02 6.319406187536864838e-02 6.322298156871193620e-02
5.932722193191163063e-02 5.950017495142417845e-02 5.957598532732234081e-02 5.961202445735722805e-02 5.962957563476275341e-02 5.963874867996370177e-02 5.964351120984826005e-02 5.964598223738926119e-02 5.964698406986686935e-02 5.964784174265192612e-02 5.964825315707002890e-02 5.964851190789269286e-02 5.964902018769106806e-02 5.964952942905387551e-02 5.965061381497098469e-02 5.965248168522454403e-02 5.965555637277663442e-02 5.966150274457974328e-02 5.967244109306774763e-02 5.969255738497594721e-02 5.973147299907885510e-02
5.612234860123666708e-02 5.632894668869205951e-02 5.641965034007104945e-02 5.646246657879393227e-02 5.648364903738734705e-02 5.649442411880668813e-02 5.650017392250766129e-02 5.650303986531627493e-02 5.650448895811419070e-02 5.650542531723426465e-02 5.650592368916608488e-02 5.650630141827390346e-02 5.650671669939254238e-02 5.650755485528435179e-02 5.650862721267230909e-02 5.651097173104089461e-02 5.651473231736918457e-02 5.652165317577237391e-02 5.653477308351830682e-02 5.655890659732410591e-02 5.660536063526709627e-02
5.327647570213142614e-02 5.351574871533524430e-02 5.362095695757763958e-02 5.367089363825578580e-02 5.369583420433612225e-02 5.370840655130955377e-02 5.371513311721987094e-02 5.371850349980079181e-02 5.372031200401088807e-02 5.372130657293365530e-02 5.372204701078710926e-02 5.372255799668992915e-02 5.372304693980802653e-02 5.372368380579373853e-02 5.372493579020994059e-02 5.372724663510238668e-02 5.373122716331708154e-02 5.373833430690527074e-02 5.375160127022512307e-02 5.377560061683764325e-02 5.382149131759165345e-02
5.084796946262692963e-02 5.101880169258730252e-02 5.113360361918472402e-02 5.118799947532392397e-02 5.121515097152631174e-02 5.122907582698824763e-02 5.123627497172694722e-02 5.124010398800538102e-02 5.124200094023887569e-02 5.124319084230375548e-02 5.124374598184318341e-02 5.124425504427870814e-02 5.124478224932105253e-02 5.124567810762490488e-02 5.124708997497771923e-02 5.124948744491521213e-02 5.125373234371831399e-02 5.126174362695154474e-02 5.127596129075864817e-02 5.130246855182639398e-02 5.135239443451994346e-02
4.917934978884994784e-02 4.874432486546277643e-02 4.886665905193462306e-02 4.892465649790944671e-02 4.895358512489048075e-02 4.896841059421519482e-02 4.897612727493696333e-02 4.898012327634894414e-02 4.898224748404123724e-02 4.898341055195168381e-02 4.898404174301450309e-02 4.898462313841734500e-02 4.898529209176247234e-02 4.898616979384860098e-02 4.898751399545448609e-02 4.899017055939836746e-02 4.899472986415465137e-02 4.900314905323646664e-02 4.901841447959996712e-02 4.904671807853547283e-02 4.910008067476653165e-02
4.761673200318824323e-02 4.697939654124448638e-02 4.679212956500244242e-02 4.685305105485485649e-02 4.688337907403693217e-02 4.689889876601041618e-02 4.690690190160701212e-02 4.691119859528965902e-02 4.691345188723491239e-02 4.691457904272826329e-02 4.691533522482619484e-02 4.691584995820766851e-02 4.691651345711951582e-02 4.691747591919879362e-02 4.691894707475859072e-02 4.692172607694327507e-02 4.692647878517215015e-02 4.693532823202201110e-02 4.695127791292601216e-02 4.698097655414877616e-02 4.703695176028448860e-02
4.615036727660580540e-02 4.547763538779129450e-02 4.491103075458296318e-02 4.497586634813498241e-02 4.500850146092524179e-02 4.502514445111411440e-02 4.503387143552712440e-02 4.503848435926761234e-02 4.504099173347474866e-02 4.504232334425729845e-02 4.504315283941914133e-02 4.504363141811643795e-02 4.504430531779062691e-02 4.504516793784928835e-02 4.504662199132061784e-02 4.504922327039265900e-02 4.505382861171545322e-02 4.506204706778327296e-02 4.507682075564116431e-02 4.510410127267507757e-02 4.515489162074220325e-02
4.477164695087385710e-02 4.407803784353324372e-02 4.343203286877546365e-02 4.325262863161705162e-02 4.328605054024473042e-02 4.330327852309959896e-02 4.331223322812653015e-02 4.331692116598497011e-02 4.331940701016745443e-02 4.332085815110526400e-02 4.332168499312535198e-02 4.332225575733813366e-02 4.332283808031246047e-02 4.332388269589661917e-02 4.332538797738300085e-02 4.332800229530320985e-02 4.333272723823283074e-02 4.334113360012944310e-02 4.335630148880261631e-02 4.338432332344378806e-02 4.343655009141734330e-02
4.351009529567393536e-02 4.281853089217844965e-02 4.214865117167632819e-02 4.165646318436657530e-02 4.169066565793023982e-02 4.170822980111280748e-02 4.171737375735246750e-02 4.172210612727893925e-02 4.172470350994014060e-02 4.172609616965013840e-02 4.172697676820889129e-02 4.172766036435579529e-02 4.172823675001102739e-02 4.172919155022147136e-02 4.173068372679023669e-02 4.173342445017019092e-02 4.173817582821942596e-02 4.174680509170670267e-02 4.176245214071911543e-02 4.179096716460416194e-02 4.184424383939669423e-02
4.234282568136509689e-02 4.162907369073354930e-02 4.093893095873541582e-02 4.027139490257402449e-02 4.020865434527965548e-02 4.022648708175763366e-02 4.023577871394788674e-02 4.024068389356322967e-02 4.024327274702728385e-02 4.024465829803283018e-02 4.024552042363098436e-02 4.024619064833014070e-02 4.024675840148408956e-02 4.024779911333736804e-02 4.024935710637374264e-02 4.025205917365277941e-02 4.025691134337964355e-02 4.026557782681420422e-02 4.028147194092745326e-02 4.031036027614563755e-02 4.036449013749438680e-02
4.123651163643929363e-02 4.050384792647067356e-02 3.979676441541070420e-02 3.911393018522130172e-02 3.884054963708487990e-02 3.885924157740090756e-02 3.886910793793936503e-02 3.887424772159535358e-02 3.887701628025901079e-02 3.887853171478392739e-02 3.887941048353674850e-02 3.888009585454019201e-02 3.888076438941548418e-02 3.888169818898092045e-02 3.888313155802491233e-02 3.888565164306960475e-02 3.889008018228835850e-02 3.889802732188313295e-02 3.891238043429865595e-02 3.893837790342808552e-02 3.898632339311692424e-02
4.018661886738376238e-02 3.943787397768560438e-02 3.872305545984376651e-02 3.804635040512286542e-02 3.756841362733497752e-02 3.758726416332489745e-02 3.759704739323604938e-02 3.760234417628362941e-02 3.760510468009769375e-02 3.760662963618572469e-02 3.760759122328358184e-02 3.760827284596433145e-02 3.760889350409328535e-02 3.760982358813299425e-02 3.761132247839799048e-02 3.761379940328189037e-02 3.761825126040848483e-02 3.762635407096606710e-02 3.764076602174683955e-02 3.766697583312151459e-02 3.771532691726902503e-02
3.918877396079521735e-02 3.844008637756828745e-02 3.772638626110581123e-02 3.703872523473322048e-02 3.637694522161252081e-02 3.639579591744322717e-02 3.640574925723850247e-02 3.641106117039917545e-02 3.641384627241375793e-02 3.641539100951667746e-02 3.641629240739692464e-02 3.641695730583566909e-02 3.641759667304542147e-02 3.641852959577409482e-02 3.642004469605630151e-02 3.642256141934631375e-02 3.642705690362060822e-02 3.643518072785637690e-02 3.644956526278952946e-02 3.647595257242210870e-02 3.652455083223118959e-02
3.825703079989306588e-02 3.750382927252578907e-02 3.677974126460360760e-02 3.608306730800926732e-02 3.541236885987658622e-02 3.527770409213623615e-02 3.528762451705006603e-02 3.529285108323352432e-02 3.529571156203938076e-02 3.529719413837581476e-02 3.529815010768984351e-02 3.529882415139495161e-02 3.529944818784459815e-02 3.530035212224477692e-02 3.530184570938443844e-02 3.530443227787131294e-02 3.530892657375543642e-02 3.531705813558978779e-02 3.533149932179588393e-02 3.535789988310267251e-02 3.540656114930011700e-02
3.737534688966517166e-02 3.661210358436441797e-02 3.587941765738471983e-02 3.517550980723785359e-02 3.450588793087010914e-02 3.422812936297880276e-02 3.423850626429657262e-02 3.424407135668206675e-02 3.424705113976859311e-02 3.424867951308230990e-02 3.424956369440108200e-02 3.425031285225907385e-02 3.425089301427605010e-02 3.425176443215328936e-02 3.425317110263640524e-02 3.425554114847141618e-02 3.425962316590860923e-02 3.426688528685609830e-02 3.427999885751394082e-02 3.430638001364619966e-02 3.435513033864332627e-02
3.653337782152793478e-02 3.576180051934394616e-02 3.502214270565453397e-02 3.432235513917328978e-02 3.365195179112642765e-02 3.324748750467380887e-02 3.325791064802072899e-02 3.326340501658962834e-02 3.326630794872623836e-02 3.326790767565176998e-02 3.326888462597219626e-02 3.326954776310932227e-02 3.327027838213144489e-02 3.327107661146839340e-02 3.327250962487691283e-02 3.327481232201295880e-02 3.327895733213957069e-02 3.328620431138716584e-02 3.329920446753094343e-02 3.332256067820623530e-02 3.336529826945713179e-02
3.572851971743584015e-02 3.495008655923691199e-02 3.421612303153510892e-02 3.351354360335431770e-02 3.283925923929025686e-02 3.232147384568673926e-02 3.233185034420515275e-02 3.233726471863905549e-02 3.234022220590489910e-02 3.234185140659893293e-02 3.234287819537311204e-02 3.234351082572838043e-02 3.234416899967464815e-02 3.234503207622315551e-02 3.234640091562478864e-02 3.234877095320247420e-02 3.235286754497416345e-02 3.236008207491013894e-02 3.237302420066677511e-02 3.239641051437178870e-02 3.243902974030321573e-02
3.495833042692597648e-02 3.418574653854809797e-02 3.344828895108598044e-02 3.274196633317626171e-02 3.206486568160682449e-02 3.144565917507431002e-02 3.145591323016461160e-02 3.146140190875755527e-02 3.146431853707223891e-02 3.146598966961255961e-02 3.146693435569322683e-02 3.146755863755443250e-02 3.146824555320207328e-02 3.146913654904130719e-02 3.147046457130576319e-02 3.147282308730625644e-02 3.147684246737135483e-02 3.148411532766585280e-02 3.149702268557656726e-02 3.152033739068427903e-02 3.156276402522964486e-02
