3.121111111111110947e+00 1.867666666666666941e+01 1.245444444444444443e+01 2.178777777777778013e+01 3.121111111111110947e+00 1.245444444444444443e+01 6.232222222222222108e+00 1.245444444444444443e+01 1.000000000000000021e-02 3.121111111111110947e+00 2.489888888888889085e+01
1.867666666666666941e+01 2.801000000000000156e+01 6.232222222222222108e+00 2.489888888888889085e+01 9.343333333333333712e+00 9.343333333333333712e+00 1.245444444444444443e+01 1.556555555555555515e+01 1.867666666666666941e+01 1.867666666666666941e+01 2.178777777777778013e+01
1.245444444444444443e+01 2.801000000000000156e+01 1.867666666666666941e+01 6.232222222222222108e+00 9.343333333333333712e+00 1.245444444444444443e+01 1.245444444444444443e+01 1.556555555555555515e+01 1.867666666666666941e+01 2.178777777777778013e+01 2.178777777777778013e+01
3.121111111111110947e+00 1.867666666666666941e+01 2.489888888888889085e+01 6.232222222222222108e+00 9.343333333333333712e+00 9.343333333333333712e+00 1.245444444444444443e+01 1.556555555555555515e+01 1.867666666666666941e+01 1.867666666666666941e+01 2.178777777777778013e+01
6.232222222222222108e+00 2.489888888888889085e+01 9.343333333333333712e+00 6.232222222222222108e+00 9.343333333333333712e+00 9.343333333333333712e+00 1.245444444444444443e+01 1.556555555555555515e+01 1.867666666666666941e+01 2.178777777777778013e+01 2.178777777777778013e+01
1.867666666666666941e+01 6.232222222222222108e+00 3.121111111111110947e+00 6.232222222222222108e+00 9.343333333333333712e+00 9.343333333333333712e+00 1.245444444444444443e+01 1.556555555555555515e+01 1.867666666666666941e+01 1.867666666666666941e+01 2.178777777777778013e+01
2.178777777777778013e+01 1.000000000000000021e-02 3.121111111111110947e+00 6.232222222222222108e+00 9.343333333333333712e+00 9.343333333333333712e+00 1.245444444444444443e+01 1.556555555555555515e+01 1.867666666666666941e+01 1.867666666666666941e+01 2.178777777777778013e+01
1.000000000000000021e-02 2.489888888888889085e+01 3.121111111111110947e+00 6.232222222222222108e+00 9.343333333333333712e+00 9.343333333333333712e+00 1.245444444444444443e+01 1.556555555555555515e+01 1.867666666666666941e+01 1.867666666666666941e+01 2.178777777777778013e+01
2.178777777777778013e+01 9.343333333333333712e+00 3.121111111111110947e+00 6.232222222222222108e+00 9.343333333333333712e+00 9.343333333333333712e+00 1.245444444444444443e+01 1.556555555555555515e+01 1.867666666666666941e+01 1.867666666666666941e+01 2.178777777777778013e+01
1.556555555555555515e+01 2.178777777777778013e+01 3.121111111111110947e+00 6.232222222222222108e+00 9.343333333333333712e+00 9.343333333333333712e+00 1.245444444444444443e+01 1.556555555555555515e+01 1.867666666666666941e+01 1.867666666666666941e+01 2.178777777777778013e+01
1.556555555555555515e+01 6.232222222222222108e+00 3.121111111111110947e+00 6.232222222222222108e+00 9.343333333333333712e+00 9.343333333333333712e+00 1.245444444444444443e+01 1.556555555555555515e+01 1.867666666666666941e+01 1.867666666666666941e+01 2.178777777777778013e+01
