5.787777777777777466e+00 5.787777777777777466e+00 5.787777777777777466e+00 2.601000000000000156e+01 1.156555555555555515e+01 5.787777777777777466e+00 8.676666666666665861e+00 8.676666666666665861e+00 1.734333333333333371e+01 1.734333333333333371e+01 8.676666666666665861e+00
1.156555555555555515e+01 2.023222222222222300e+01 1.734333333333333371e+01 2.023222222222222300e+01 8.676666666666665861e+00 1.156555555555555515e+01 1.156555555555555515e+01 1.445444444444444443e+01 1.734333333333333371e+01 2.023222222222222300e+01 2.312111111111111228e+01
2.023222222222222300e+01 1.445444444444444443e+01 2.601000000000000156e+01 5.787777777777777466e+00 8.676666666666665861e+00 1.156555555555555515e+01 1.445444444444444443e+01 1.445444444444444443e+01 1.734333333333333371e+01 2.023222222222222300e+01 2.312111111111111228e+01
1.156555555555555515e+01 1.445444444444444443e+01 2.023222222222222300e+01 5.787777777777777466e+00 8.676666666666665861e+00 1.156555555555555515e+01 1.156555555555555515e+01 1.445444444444444443e+01 1.734333333333333371e+01 2.023222222222222300e+01 2.312111111111111228e+01
2.898888888888888626e+00 1.445444444444444443e+01 2.312111111111111228e+01 5.787777777777777466e+00 8.676666666666665861e+00 1.156555555555555515e+01 1.445444444444444443e+01 1.445444444444444443e+01 1.734333333333333371e+01 2.023222222222222300e+01 2.312111111111111228e+01
2.601000000000000156e+01 2.898888888888888626e+00 2.898888888888888626e+00 5.787777777777777466e+00 8.676666666666665861e+00 1.156555555555555515e+01 1.156555555555555515e+01 1.445444444444444443e+01 1.734333333333333371e+01 2.023222222222222300e+01 2.312111111111111228e+01
2.601000000000000156e+01 1.000000000000000021e-02 2.898888888888888626e+00 5.787777777777777466e+00 8.676666666666665861e+00 1.156555555555555515e+01 1.156555555555555515e+01 1.445444444444444443e+01 1.734333333333333371e+01 2.023222222222222300e+01 2.312111111111111228e+01
1.156555555555555515e+01 1.734333333333333371e+01 2.898888888888888626e+00 1.156555555555555515e+01 2.898888888888888626e+00 1.734333333333333371e+01 1.000000000000000021e-02 8.676666666666665861e+00 2.023222222222222300e+01 1.734333333333333371e+01 8.676666666666665861e+00
1.445444444444444443e+01 2.898888888888888626e+00 1.156555555555555515e+01 2.898888888888888626e+00 5.787777777777777466e+00 1.734333333333333371e+01 1.000000000000000021e-02 2.023222222222222300e+01 2.601000000000000156e+01 2.898888888888888626e+00 2.601000000000000156e+01
1.734333333333333371e+01 1.445444444444444443e+01 8.676666666666665861e+00 5.787777777777777466e+00 1.156555555555555515e+01 2.898888888888888626e+00 1.734333333333333371e+01 2.023222222222222300e+01 2.898888888888888626e+00 1.000000000000000021e-02 2.898888888888888626e+00
1.445444444444444443e+01 1.000000000000000021e-02 1.734333333333333371e+01 1.000000000000000021e-02 5.787777777777777466e+00 2.312111111111111228e+01 2.023222222222222300e+01 1.734333333333333371e+01 1.156555555555555515e+01 2.898888888888888626e+00 1.156555555555555515e+01
