1.000000000000000021e-02 6.534333333333334792e+01 7.467666666666667652e+01 7.467666666666667652e+01 7.467666666666667652e+01 8.401000000000000512e+01 9.343333333333333712e+00 5.600999999999999801e+01 8.401000000000000512e+01 5.600999999999999801e+01 3.734333333333333371e+01
6.534333333333334792e+01 3.734333333333333371e+01 9.343333333333333712e+00 1.867666666666666941e+01 2.801000000000000156e+01 3.734333333333333371e+01 3.734333333333333371e+01 4.667666666666666941e+01 5.600999999999999801e+01 6.534333333333334792e+01 6.534333333333334792e+01
5.600999999999999801e+01 9.343333333333333712e+00 1.867666666666666941e+01 1.867666666666666941e+01 2.801000000000000156e+01 3.734333333333333371e+01 4.667666666666666941e+01 4.667666666666666941e+01 5.600999999999999801e+01 6.534333333333334792e+01 7.467666666666667652e+01
1.867666666666666941e+01 9.343333333333333712e+00 9.343333333333333712e+00 1.867666666666666941e+01 2.801000000000000156e+01 3.734333333333333371e+01 3.734333333333333371e+01 4.667666666666666941e+01 5.600999999999999801e+01 6.534333333333334792e+01 6.534333333333334792e+01
2.801000000000000156e+01 9.343333333333333712e+00 1.867666666666666941e+01 1.867666666666666941e+01 2.801000000000000156e+01 3.734333333333333371e+01 3.734333333333333371e+01 4.667666666666666941e+01 5.600999999999999801e+01 6.534333333333334792e+01 6.534333333333334792e+01
1.000000000000000021e-02 9.343333333333333712e+00 9.343333333333333712e+00 1.867666666666666941e+01 2.801000000000000156e+01 3.734333333333333371e+01 3.734333333333333371e+01 4.667666666666666941e+01 5.600999999999999801e+01 6.534333333333334792e+01 6.534333333333334792e+01
1.867666666666666941e+01 9.343333333333333712e+00 9.343333333333333712e+00 1.867666666666666941e+01 2.801000000000000156e+01 3.734333333333333371e+01 3.734333333333333371e+01 4.667666666666666941e+01 5.600999999999999801e+01 6.534333333333334792e+01 6.534333333333334792e+01
4.667666666666666941e+01 9.343333333333333712e+00 9.343333333333333712e+00 1.867666666666666941e+01 2.801000000000000156e+01 3.734333333333333371e+01 3.734333333333333371e+01 4.667666666666666941e+01 5.600999999999999801e+01 6.534333333333334792e+01 6.534333333333334792e+01
1.000000000000000021e-02 9.343333333333333712e+00 9.343333333333333712e+00 1.867666666666666941e+01 2.801000000000000156e+01 3.734333333333333371e+01 3.734333333333333371e+01 4.667666666666666941e+01 5.600999999999999801e+01 6.534333333333334792e+01 6.534333333333334792e+01
3.734333333333333371e+01 9.343333333333333712e+00 9.343333333333333712e+00 1.867666666666666941e+01 2.801000000000000156e+01 3.734333333333333371e+01 3.734333333333333371e+01 4.667666666666666941e+01 5.600999999999999801e+01 6.534333333333334792e+01 6.534333333333334792e+01
5.600999999999999801e+01 9.343333333333333712e+00 9.343333333333333712e+00 1.867666666666666941e+01 2.801000000000000156e+01 3.734333333333333371e+01 3.734333333333333371e+01 4.667666666666666941e+01 5.600999999999999801e+01 6.534333333333334792e+01 6.534333333333334792e+01
