1.000000000000000021e-02 4.009999999999999787e+00 4.009999999999999787e+00 2.676666666666666305e+00 1.067666666666666586e+01 5.343333333333332824e+00 4.009999999999999787e+00 8.009999999999999787e+00 9.343333333333331936e+00 8.009999999999999787e+00 4.009999999999999787e+00
1.000000000000000021e-02 1.343333333333333268e+00 2.676666666666666305e+00 6.676666666666665861e+00 1.200999999999999979e+01 5.343333333333332824e+00 2.676666666666666305e+00 5.343333333333332824e+00 6.676666666666665861e+00 8.009999999999999787e+00 9.343333333333331936e+00
1.000000000000000021e-02 6.676666666666665861e+00 1.067666666666666586e+01 1.000000000000000021e-02 5.343333333333332824e+00 1.000000000000000021e-02 5.343333333333332824e+00 6.676666666666665861e+00 8.009999999999999787e+00 9.343333333333331936e+00 9.343333333333331936e+00
1.000000000000000021e-02 1.343333333333333268e+00 1.343333333333333268e+00 1.067666666666666586e+01 9.343333333333331936e+00 1.067666666666666586e+01 2.676666666666666305e+00 4.009999999999999787e+00 6.676666666666665861e+00 1.000000000000000021e-02 4.009999999999999787e+00
1.000000000000000021e-02 2.676666666666666305e+00 1.200999999999999979e+01 1.343333333333333268e+00 9.343333333333331936e+00 4.009999999999999787e+00 1.343333333333333268e+00 1.067666666666666586e+01 1.000000000000000021e-02 9.343333333333331936e+00 1.200999999999999979e+01
1.000000000000000021e-02 1.200999999999999979e+01 1.067666666666666586e+01 4.009999999999999787e+00 6.676666666666665861e+00 1.000000000000000021e-02 1.200999999999999979e+01 4.009999999999999787e+00 1.343333333333333268e+00 1.200999999999999979e+01 1.200999999999999979e+01
1.000000000000000021e-02 5.343333333333332824e+00 4.009999999999999787e+00 1.000000000000000021e-02 1.200999999999999979e+01 8.009999999999999787e+00 2.676666666666666305e+00 8.009999999999999787e+00 1.000000000000000021e-02 1.067666666666666586e+01 2.676666666666666305e+00
1.000000000000000021e-02 1.000000000000000021e-02 1.343333333333333268e+00 2.676666666666666305e+00 1.067666666666666586e+01 1.067666666666666586e+01 4.009999999999999787e+00 6.676666666666665861e+00 5.343333333333332824e+00 1.000000000000000021e-02 1.067666666666666586e+01
1.000000000000000021e-02 2.676666666666666305e+00 1.343333333333333268e+00 5.343333333333332824e+00 1.343333333333333268e+00 2.676666666666666305e+00 5.343333333333332824e+00 5.343333333333332824e+00 2.676666666666666305e+00 1.343333333333333268e+00 1.343333333333333268e+00
1.000000000000000021e-02 2.676666666666666305e+00 5.343333333333332824e+00 5.343333333333332824e+00 1.000000000000000021e-02 5.343333333333332824e+00 1.067666666666666586e+01 1.343333333333333268e+00 2.676666666666666305e+00 8.009999999999999787e+00 8.009999999999999787e+00
1.000000000000000021e-02 1.343333333333333268e+00 1.343333333333333268e+00 1.000000000000000021e-02 1.000000000000000021e-02 1.000000000000000021e-02 1.343333333333333268e+00 4.009999999999999787e+00 8.009999999999999787e+00 4.009999999999999787e+00 6.676666666666665861e+00
