1.000000000000000021e-02 2.401000000000000156e+01 1.867666666666666586e+01 1.067666666666666586e+01 2.401000000000000156e+01 1.067666666666666586e+01 8.009999999999999787e+00 1.067666666666666586e+01 1.000000000000000021e-02 8.009999999999999787e+00 1.067666666666666586e+01
1.067666666666666586e+01 1.067666666666666586e+01 1.067666666666666586e+01 1.067666666666666586e+01 1.067666666666666586e+01 1.067666666666666586e+01 1.067666666666666586e+01 1.067666666666666586e+01 1.067666666666666586e+01 1.067666666666666586e+01 1.067666666666666586e+01
1.067666666666666586e+01 1.067666666666666586e+01 1.067666666666666586e+01 1.067666666666666586e+01 1.067666666666666586e+01 1.067666666666666586e+01 1.067666666666666586e+01 1.067666666666666586e+01 1.067666666666666586e+01 1.067666666666666586e+01 1.067666666666666586e+01
2.401000000000000156e+01 1.067666666666666586e+01 1.067666666666666586e+01 1.067666666666666586e+01 1.067666666666666586e+01 1.067666666666666586e+01 1.067666666666666586e+01 1.067666666666666586e+01 1.067666666666666586e+01 1.067666666666666586e+01 1.067666666666666586e+01
5.343333333333332824e+00 1.067666666666666586e+01 1.067666666666666586e+01 1.067666666666666586e+01 1.067666666666666586e+01 1.067666666666666586e+01 1.067666666666666586e+01 1.067666666666666586e+01 1.067666666666666586e+01 1.067666666666666586e+01 1.067666666666666586e+01
2.401000000000000156e+01 2.676666666666666305e+00 1.067666666666666586e+01 1.067666666666666586e+01 1.067666666666666586e+01 1.067666666666666586e+01 1.067666666666666586e+01 1.067666666666666586e+01 1.067666666666666586e+01 1.067666666666666586e+01 1.067666666666666586e+01
2.401000000000000156e+01 1.067666666666666586e+01 1.067666666666666586e+01 1.067666666666666586e+01 1.067666666666666586e+01 1.067666666666666586e+01 1.067666666666666586e+01 1.067666666666666586e+01 1.067666666666666586e+01 1.067666666666666586e+01 1.067666666666666586e+01
2.134333333333333371e+01 1.000000000000000021e-02 1.067666666666666586e+01 1.067666666666666586e+01 1.067666666666666586e+01 1.067666666666666586e+01 1.067666666666666586e+01 1.067666666666666586e+01 1.067666666666666586e+01 1.067666666666666586e+01 1.067666666666666586e+01
5.343333333333332824e+00 2.134333333333333371e+01 2.676666666666666305e+00 1.067666666666666586e+01 1.067666666666666586e+01 1.067666666666666586e+01 1.067666666666666586e+01 1.067666666666666586e+01 1.067666666666666586e+01 1.067666666666666586e+01 1.067666666666666586e+01
2.401000000000000156e+01 1.867666666666666586e+01 8.009999999999999787e+00 1.067666666666666586e+01 1.067666666666666586e+01 1.067666666666666586e+01 1.067666666666666586e+01 1.067666666666666586e+01 1.067666666666666586e+01 1.067666666666666586e+01 1.067666666666666586e+01
5.343333333333332824e+00 1.334333333333333194e+01 1.334333333333333194e+01 1.067666666666666586e+01 1.067666666666666586e+01 1.067666666666666586e+01 1.067666666666666586e+01 1.067666666666666586e+01 1.067666666666666586e+01 1.067666666666666586e+01 1.067666666666666586e+01
